Fold 0
Validation Results: 
0.0654995373444 0.0597738287561
0.0653474562766 0.0597738287561
0.0446787401959 0.0436187399031
0.0347543270428 0.0331179321486
0.00984677139134 0.0145395799677
0.0113121025111 0.0226171243942
0.0245807043508 0.0290791599354
0.0301964802336 0.0306946688207
0.0144000002598 0.0274636510501
0.0110397219903 0.0153473344103
0.0564996165447 0.0581583198708
0.0288454535573 0.0290791599354
0.0291546483709 0.0242326332795
0.0474292160669 0.0452342487884
0.0310084389643 0.0339256865913
0.0128352457176 0.0274636510501
0.0128306479274 0.0274636510501
0.0128169231963 0.0274636510501
0.0128260615857 0.0274636510501
0.0128123711228 0.0274636510501
0.0227301976494 0.0153473344103
0.0571113276566 0.0605815831987
0.0904487010161 0.0912762520194
0.12821304261 0.126817447496
0.0227298605856 0.0145395799677
0.0235255895253 0.016155088853
0.0271897124624 0.0226171243942
0.0291684610852 0.0266558966074
0.0391757520407 0.0379644588045
0.0412105727619 0.0436187399031
0.0214483080962 0.016155088853
0.0195369585624 0.0185783521809
0.0203009762595 0.0201938610662
0.0351713974144 0.0420032310178
0.0203373258026 0.0218093699515
0.033195364535 0.0403877221325
0.0177473065909 0.0145395799677
0.0403025543579 0.0428109854604
0.0181343888414 0.0185783521809
0.022226144647 0.0242326332795
0.0503479978839 0.0589660743134
0.0170538325064 0.016155088853
0.0192956793496 0.0201938610662
0.0258172376365 0.0226171243942
0.026012163275 0.0234248788368
0.0270898345939 0.0258481421648
0.144920347292 0.141357027464
0.0427837506494 0.046042003231
0.14654506144 0.14620355412
0.146490889073 0.14620355412
0.0272038598536 0.0258481421648
0.0650453477394 0.0662358642973
0.147439176654 0.138126009693
0.301276858884 0.291599353796
0.283844091396 0.282714054927
0.168127442579 0.177705977383
0.0748979420265 0.0912762520194
0.013050415701 0.0121163166397
0.020243583442 0.0169628432956
0.0323778887054 0.0282714054927
0.00790986608546 0.0145395799677
0.00804841095294 0.016155088853
0.0123324313707 0.016155088853
0.0174998531634 0.0226171243942
0.022539339554 0.0363489499192
0.00903480199282 0.0145395799677
0.00897154973381 0.013731825525
0.0101956943772 0.0210016155089
0.0103845403335 0.0226171243942
0.0101598371573 0.0226171243942
0.0239589174021 0.0250403877221
0.0240031217354 0.0250403877221
0.0320146329045 0.0339256865913
0.0549228879755 0.0613893376414
0.0555264674219 0.0613893376414
0.0227153340395 0.0210016155089
0.0523454376954 0.0476575121163
0.0562814048837 0.0525040387722
0.0731052721192 0.0815831987076
0.0849393567777 0.0936995153473
0.00638481574104 0.0145395799677
0.00650758837668 0.016155088853
0.0101178179376 0.016155088853
0.0296638542836 0.0242326332795
0.0401482088869 0.0355411954766
0.0391994298833 0.0355411954766
0.0712804178626 0.0662358642973
0.071078943937 0.0662358642973
0.0928056896158 0.103392568659
0.0343838759 0.029886914378
0.0408158948208 0.0371567043619
0.0411426037856 0.0371567043619
0.0681569890286 0.064620355412
0.075683041856 0.0710823909532
0.0754752056649 0.0710823909532
0.0320680450306 0.0266558966074
0.0374527065713 0.0371567043619
0.0265783453735 0.0234248788368
0.0435940920602 0.0428109854604
0.0436234896047 0.0428109854604
0.0356996604174 0.0331179321486
0.0675874703326 0.0694668820679
0.0765612024849 0.0767366720517
0.0941457036177 0.0864297253635
0.0973619521242 0.09450726979
0.0985136387712 0.0961227786753
0.0981152792337 0.0969305331179
0.041629428974 0.0387722132472
0.0903020039744 0.101777059774
0.216484393085 0.214862681745
0.218750722878 0.218093699515
0.374191257433 0.344103392569
0.124284442568 0.12197092084
0.217556701976 0.215670436187
0.478956534999 0.487075928918
0.0218642870004 0.0153473344103
0.0241690187721 0.0169628432956
0.0284276046658 0.0210016155089
0.0327622613053 0.0282714054927
0.0371044532074 0.0331179321486
0.0383433637935 0.0379644588045
0.0491829162518 0.0500807754443
0.0628038414183 0.0630048465267
0.0595178145858 0.064620355412
0.0584965648362 0.064620355412
0.107675058656 0.114701130856
0.228143246025 0.226978998384
0.153847348602 0.153473344103
0.0202979413515 0.0169628432956
0.0227632386097 0.0201938610662
0.0466478961943 0.0541195476575
0.0210719573197 0.0193861066236
0.0214628610799 0.0193861066236
0.0442804556427 0.0516962843296
0.0243045561384 0.0201938610662
0.0220130533744 0.016155088853
0.0256658649843 0.0234248788368
0.0345685915705 0.0347334410339
0.0388443003332 0.0428109854604
0.0191005149966 0.0153473344103
0.0201872868552 0.0177705977383
0.0289545017819 0.0250403877221
0.0359948852064 0.0331179321486
0.0395900039285 0.0379644588045
0.0793486407552 0.0799676898223
0.0530707824014 0.0541195476575
0.0636004659348 0.0654281098546
0.113410371684 0.120355411955
0.1394263536 0.147819063005
0.221178702984 0.222132471729
0.29674083624 0.308562197092
0.0447359398317 0.0452342487884
0.156765147576 0.147011308562
0.1883687538 0.183360258481
0.26548657029 0.275444264943
0.298859422708 0.290791599354
0.733171822794 0.742326332795
0.798532763247 0.789983844911
0.0232760296439 0.0193861066236
0.0233559360035 0.0193861066236
0.0232323977547 0.0193861066236
0.0233050550422 0.0193861066236
0.0325625301912 0.029886914378
0.0431945297766 0.0403877221325
0.0335055940718 0.0331179321486
0.0231458248221 0.0379644588045
0.0154155128965 0.0201938610662
Average test error: 2.10865109643e-05
Weights: 
0.520264596275 -1.09892605461 -1.27165338745 -1.14003740002 0.541568700315 1.57127666272 -0.601674690226 2.42123515715 0.0565653856689 -4.05542758511 -1.65503416665 -0.808264726928 -0.802868226509 0.80812624986 1.52511510555 -2.1578293965 -1.36868383374 -0.43354302991 -0.57035473053 -1.32137395151 -0.702119441634 
Weights: 
-1.59385164822 -3.5093486968 -5.63350410165 
Biases: 
0.0992951161504 0.561362929285 4.41086618578 
Biases: 
4.91828484628 
____________________________________
Fold 1
Validation Results: 
0.166585425362 0.160743134087
0.191255669151 0.20436187399
0.190695149248 0.20436187399
0.190195577553 0.20436187399
0.0917392064336 0.10662358643
0.220519206597 0.234248788368
0.304403139853 0.307754442649
0.314637232762 0.307754442649
0.605323156072 0.605008077544
0.954167744442 1.0
0.0188233435242 0.0185783521809
0.0198850506949 0.0193861066236
0.0571463894717 0.0565428109855
0.0949338863443 0.09450726979
0.0159519164742 0.0121163166397
0.0531944353851 0.0516962843296
0.0227632497142 0.0185783521809
0.0272383929663 0.0234248788368
0.0219588766604 0.0177705977383
0.0933734805995 0.100161550889
0.0302460825654 0.0282714054927
0.0311251757228 0.0315024232633
0.0311950267125 0.032310177706
0.0325754417764 0.0363489499192
0.0242501227155 0.0226171243942
0.0186653701626 0.0169628432956
0.0241019378464 0.0226171243942
0.0203493016314 0.0177705977383
0.0227869516606 0.0226171243942
0.0233504973167 0.0218093699515
0.0650830868095 0.0823909531502
0.0619903640463 0.0823909531502
0.0581912092166 0.0597738287561
0.057306861881 0.0597738287561
0.110745242287 0.111470113086
0.10725204967 0.1098546042
0.0241950173878 0.0185783521809
0.0280113392495 0.0234248788368
0.0369946926468 0.0355411954766
0.0283735788803 0.0242326332795
0.0370514950084 0.0331179321486
0.0633854756288 0.0597738287561
0.0216723610505 0.0201938610662
0.0255016809985 0.0226171243942
0.0255142111665 0.0234248788368
0.0271108691552 0.0258481421648
0.143153550982 0.141357027464
0.0437553513507 0.046042003231
0.150365427682 0.14620355412
0.149823079109 0.14620355412
0.027315522094 0.0258481421648
0.0625156158842 0.0662358642973
0.144290378089 0.138126009693
0.305710599087 0.291599353796
0.295964506679 0.282714054927
0.162351065726 0.177705977383
0.0721873103894 0.0912762520194
0.0150520505975 0.0121163166397
0.0204791650011 0.0169628432956
0.031949528055 0.0282714054927
0.010826732899 0.0145395799677
0.0111824449917 0.016155088853
0.0154432738447 0.016155088853
0.0207314724918 0.0226171243942
0.0287526074495 0.0363489499192
0.0119962099025 0.0145395799677
0.0118704907977 0.013731825525
0.0149350706543 0.0210016155089
0.0153824756465 0.0226171243942
0.0148136009165 0.0226171243942
0.025398679107 0.0250403877221
0.0254894745073 0.0250403877221
0.033948819437 0.0339256865913
0.0594889987198 0.0613893376414
0.0599718685887 0.0613893376414
0.0237531984767 0.0210016155089
0.0496144544931 0.0476575121163
0.0529591859024 0.0525040387722
0.0687126702135 0.0815831987076
0.0805191561128 0.0936995153473
0.00827180079018 0.0145395799677
0.00872709628893 0.016155088853
0.0134010689573 0.016155088853
0.0273305760729 0.0242326332795
0.0379649081625 0.0355411954766
0.0373280272573 0.0355411954766
0.0694676374708 0.0662358642973
0.0691829817314 0.0662358642973
0.0957057213466 0.103392568659
0.0336672251961 0.029886914378
0.0406447664212 0.0371567043619
0.0407389791637 0.0371567043619
0.0658023402851 0.064620355412
0.0727327273681 0.0710823909532
0.0724030007296 0.0710823909532
0.0274409577235 0.0266558966074
0.0379438795782 0.0371567043619
0.0259449144674 0.0234248788368
0.0436997765581 0.0428109854604
0.0437466681979 0.0428109854604
0.0351202218428 0.0331179321486
0.0682765423043 0.0694668820679
0.0766363460045 0.0767366720517
0.0930781895087 0.0864297253635
0.0973574567635 0.09450726979
0.0976503079641 0.0961227786753
0.0975029391552 0.0969305331179
0.0392561227815 0.0387722132472
0.088791730099 0.101777059774
0.214461527291 0.214862681745
0.216929188261 0.218093699515
0.379029897322 0.344103392569
0.120000932117 0.12197092084
0.215636078144 0.215670436187
0.474093295281 0.487075928918
0.0206363848486 0.0153473344103
0.0225286754224 0.0169628432956
0.0263101654019 0.0210016155089
0.0310302133723 0.0282714054927
0.0355063698907 0.0331179321486
0.0374666497124 0.0379644588045
0.0486640117538 0.0500807754443
0.062345782126 0.0630048465267
0.0538193503394 0.064620355412
0.0520890489777 0.064620355412
0.109560649267 0.114701130856
0.234421360378 0.226978998384
0.151429773936 0.153473344103
0.0204742864963 0.0169628432956
0.0234229545341 0.0201938610662
0.0525199706891 0.0541195476575
0.0223950001941 0.0193861066236
0.0224324115449 0.0193861066236
0.0501862933493 0.0516962843296
0.0242172251569 0.0201938610662
0.0213834168846 0.016155088853
0.0258135297875 0.0234248788368
0.0357578399761 0.0347334410339
0.0407087768577 0.0428109854604
0.0198352101367 0.0153473344103
0.0211822938031 0.0177705977383
0.0281211593431 0.0250403877221
0.0350036670978 0.0331179321486
0.039028864383 0.0379644588045
0.0776832058097 0.0799676898223
0.0518077840781 0.0541195476575
0.0619206810943 0.0654281098546
0.112628038609 0.120355411955
0.13636457874 0.147819063005
0.217580152808 0.222132471729
0.298654511558 0.308562197092
0.0444849053396 0.0452342487884
0.151293268855 0.147011308562
0.1961745755 0.183360258481
0.276639799689 0.275444264943
0.290540450085 0.290791599354
0.730739127088 0.742326332795
0.797838471733 0.789983844911
0.0235425352525 0.0193861066236
0.0236720135924 0.0193861066236
0.0234571768388 0.0193861066236
0.0235722150621 0.0193861066236
0.0324488639421 0.029886914378
0.0429857796096 0.0403877221325
0.0334990372101 0.0331179321486
0.0312780587146 0.0379644588045
0.0188224587542 0.0201938610662
Average test error: 2.7572690842e-05
Weights: 
0.409230243975 0.0796040186579 0.277704865136 -1.6319789358 -1.53300145282 -0.507490927353 -0.174099719557 -0.689996910053 0.581980169779 3.8567368061 1.31990160634 -0.246250619008 -0.148041707693 -0.78398500474 1.47371514069 -2.07399105455 -1.21466680335 0.0640800671698 0.217604165509 -0.695917928154 -1.08511164687 
Weights: 
-1.61518181239 4.62975432878 -6.17289558516 
Biases: 
0.313914910955 -0.257118771824 3.89457256105 
Biases: 
1.08803452707 
____________________________________
Fold 2
Validation Results: 
0.161192079276 0.160743134087
0.194575214751 0.20436187399
0.201243977156 0.20436187399
0.208083413162 0.20436187399
0.0925964395469 0.10662358643
0.224854484503 0.234248788368
0.310296773169 0.307754442649
0.299988183254 0.307754442649
0.606055556609 0.605008077544
0.953981424815 1.0
0.0194027273898 0.0185783521809
0.0201447203412 0.0193861066236
0.055959980517 0.0565428109855
0.0871610028047 0.09450726979
0.0180786300532 0.0121163166397
0.0489327284959 0.0516962843296
0.0264134909478 0.0185783521809
0.0304970513754 0.0234248788368
0.0260427798856 0.0177705977383
0.0943044125009 0.100161550889
0.0334607460306 0.0282714054927
0.0347141945994 0.0315024232633
0.037476394061 0.032310177706
0.0399698126008 0.0363489499192
0.0238167412027 0.0226171243942
0.0200313060667 0.0169628432956
0.0233781289093 0.0226171243942
0.0211586094552 0.0177705977383
0.0224191623514 0.0226171243942
0.0231408582996 0.0218093699515
0.0778842372483 0.0823909531502
0.0803204292662 0.0823909531502
0.0591544696648 0.0597738287561
0.0577034218671 0.0597738287561
0.107631303732 0.111470113086
0.0976089662453 0.1098546042
0.0284599514499 0.0185783521809
0.0316952038916 0.0234248788368
0.0388638852045 0.0355411954766
0.0320566348411 0.0242326332795
0.0386821342198 0.0331179321486
0.0632215408127 0.0597738287561
0.0625011259978 0.0597738287561
0.0619803521455 0.0597738287561
0.0425489669433 0.0436187399031
0.0345946178736 0.0331179321486
0.0135069475956 0.0145395799677
0.0143202463657 0.0226171243942
0.0264356185333 0.0290791599354
0.030774288499 0.0306946688207
0.0170611274498 0.0274636510501
0.0139036385127 0.0153473344103
0.0503743944482 0.0581583198708
0.0302362695336 0.0290791599354
0.0311668883566 0.0242326332795
0.0450936429503 0.0452342487884
0.0317381778929 0.0339256865913
0.015670966684 0.0274636510501
0.0156453882262 0.0274636510501
0.0155691791591 0.0274636510501
0.0156198976437 0.0274636510501
0.0155439507862 0.0274636510501
0.0255693843361 0.0153473344103
0.0575366491528 0.0605815831987
0.0808139711751 0.0912762520194
0.106248479705 0.126817447496
0.0250830879142 0.0145395799677
0.0255258126633 0.016155088853
0.0298490266002 0.0226171243942
0.0327420104054 0.0266558966074
0.0400569917659 0.0379644588045
0.0446436420012 0.0436187399031
0.0248788795858 0.016155088853
0.0234220772307 0.0185783521809
0.0244461493789 0.0201938610662
0.035623827402 0.0420032310178
0.0240105115142 0.0218093699515
0.0342260774112 0.0403877221325
0.0222850495558 0.0145395799677
0.0396311086126 0.0428109854604
0.0214027979041 0.0185783521809
0.0298534397445 0.0242326332795
0.0535569516867 0.0589660743134
0.0203885343445 0.016155088853
0.0402282183878 0.0355411954766
0.0394863550368 0.0355411954766
0.0664966299375 0.0662358642973
0.0658327374225 0.0662358642973
0.0945898056702 0.103392568659
0.035215897704 0.029886914378
0.0406866930563 0.0371567043619
0.0406441112896 0.0371567043619
0.0651540572024 0.064620355412
0.0699413555796 0.0710823909532
0.069193911548 0.0710823909532
0.0408712180534 0.0266558966074
0.0384212655185 0.0371567043619
0.0293145834444 0.0234248788368
0.04385505322 0.0428109854604
0.0439267636593 0.0428109854604
0.0367623533908 0.0331179321486
0.0673492886152 0.0694668820679
0.0738761212616 0.0767366720517
0.0841435423775 0.0864297253635
0.0902763122987 0.09450726979
0.0903957963964 0.0961227786753
0.0878635499529 0.0969305331179
0.0399140750042 0.0387722132472
0.0858891486048 0.101777059774
0.22414684862 0.214862681745
0.213117000838 0.218093699515
0.369457573573 0.344103392569
0.109891443915 0.12197092084
0.217976579327 0.215670436187
0.48438315309 0.487075928918
0.024881831387 0.0153473344103
0.0268157806177 0.0169628432956
0.0301706995286 0.0210016155089
0.0348739287343 0.0282714054927
0.038555762372 0.0331179321486
0.0418187536343 0.0379644588045
0.0515469721499 0.0500807754443
0.0646594146583 0.0630048465267
0.0591812940101 0.064620355412
0.0569037082444 0.064620355412
0.108776425351 0.114701130856
0.225834860901 0.226978998384
0.128824468625 0.153473344103
0.0231383220044 0.0169628432956
0.0252095506542 0.0201938610662
0.0489619455165 0.0541195476575
0.0236234934532 0.0193861066236
0.0234470505723 0.0193861066236
0.0445951222075 0.0516962843296
0.0261929283674 0.0201938610662
0.0244694048403 0.016155088853
0.0285458184216 0.0234248788368
0.0353914644211 0.0347334410339
0.0398557384874 0.0428109854604
0.0225927517388 0.0153473344103
0.0235086870158 0.0177705977383
0.0319544965175 0.0250403877221
0.0379410682826 0.0331179321486
0.0401536765363 0.0379644588045
0.0733454183191 0.0799676898223
0.0525006444111 0.0541195476575
0.0604471705496 0.0654281098546
0.106427934618 0.120355411955
0.137453789974 0.147819063005
0.233090596815 0.222132471729
0.3044827474 0.308562197092
0.0457645191723 0.0452342487884
0.157414713006 0.147011308562
0.188492730689 0.183360258481
0.276384876097 0.275444264943
0.292070920667 0.290791599354
0.732052748479 0.742326332795
0.797867327619 0.789983844911
0.025226756299 0.0193861066236
0.025476213999 0.0193861066236
0.0250939696982 0.0193861066236
0.0253209231636 0.0193861066236
0.0333351090157 0.029886914378
0.0425020781566 0.0403877221325
0.0350949470365 0.0331179321486
0.0260368920357 0.0379644588045
0.0182943689248 0.0201938610662
Average test error: 3.06487509087e-05
Weights: 
0.0663095407272 1.65756841675 -1.82597847476 2.95170274238 0.248588917778 1.39034066517 0.158582401612 1.30474842042 0.416252073696 -4.0692174681 1.36002079291 0.0922981774921 0.948442112126 1.13500618214 1.22441096829 -1.45682905197 0.970931241023 -1.59396686101 -0.502759909343 -0.761359653844 -2.01253133363 
Weights: 
4.5903839417 -6.09479110159 -5.16610375376 
Biases: 
-0.113915443506 0.921408688068 3.63160714495 
Biases: 
3.58218492131 
____________________________________
Fold 3
Validation Results: 
0.170106296848 0.160743134087
0.195139291849 0.20436187399
0.1935602498 0.20436187399
0.192052698989 0.20436187399
0.0981429041441 0.10662358643
0.218952172112 0.234248788368
0.299503915766 0.307754442649
0.309199653469 0.307754442649
0.609006366697 0.605008077544
0.953992441887 1.0
0.0188926991835 0.0185783521809
0.0200301694509 0.0193861066236
0.0563053173904 0.0565428109855
0.0969179196343 0.09450726979
0.0147711210555 0.0121163166397
0.054267008174 0.0516962843296
0.0205643019474 0.0185783521809
0.0253096044212 0.0234248788368
0.0198275845908 0.0177705977383
0.0952395207797 0.100161550889
0.0282316772928 0.0282714054927
0.0297892715607 0.0315024232633
0.0286617041795 0.032310177706
0.0299278201502 0.0363489499192
0.0237472962781 0.0226171243942
0.0181421831725 0.0169628432956
0.0238984073138 0.0226171243942
0.0195625161513 0.0177705977383
0.0230015461935 0.0226171243942
0.022903574177 0.0218093699515
0.0739740004257 0.0823909531502
0.074148066718 0.0823909531502
0.0595408463891 0.0597738287561
0.0595542523025 0.0597738287561
0.11631570798 0.111470113086
0.116604968481 0.1098546042
0.020591698241 0.0185783521809
0.0246077249467 0.0234248788368
0.0350004828611 0.0355411954766
0.0253431594324 0.0242326332795
0.0348039677261 0.0331179321486
0.0638067983537 0.0597738287561
0.0638127054462 0.0597738287561
0.0638128446409 0.0597738287561
0.0456514148931 0.0436187399031
0.0338332084338 0.0331179321486
0.0150050876785 0.0145395799677
0.0201874309693 0.0226171243942
0.0292130870336 0.0290791599354
0.0313615596072 0.0306946688207
0.0256282993944 0.0274636510501
0.0159445199586 0.0153473344103
0.0614019686622 0.0581583198708
0.0297961195953 0.0290791599354
0.0259322969587 0.0242326332795
0.0476543247306 0.0452342487884
0.0340126824485 0.0339256865913
0.0250065872155 0.0274636510501
0.0250001676793 0.0274636510501
0.0249809118723 0.0274636510501
0.024993748609 0.0274636510501
0.0249744942089 0.0274636510501
0.0188701783099 0.0153473344103
0.055569855723 0.0605815831987
0.0910922655342 0.0912762520194
0.128708438589 0.126817447496
0.0177207280838 0.0145395799677
0.0190870003639 0.016155088853
0.0228241502028 0.0226171243942
0.0255281506894 0.0266558966074
0.0354090065452 0.0379644588045
0.036387368635 0.0436187399031
0.0185145497609 0.016155088853
0.0204956976659 0.0185783521809
0.0216401703306 0.0201938610662
0.0431469704301 0.0420032310178
0.021458975949 0.0218093699515
0.0399128686478 0.0403877221325
0.0177951012448 0.0145395799677
0.0419876572638 0.0428109854604
0.0195616691672 0.0185783521809
0.0224346486966 0.0242326332795
0.0534906692714 0.0589660743134
0.0178187157398 0.016155088853
0.0214639119517 0.0201938610662
0.0235448624006 0.0226171243942
0.0238542426226 0.0234248788368
0.024452812694 0.0258481421648
0.143231319191 0.141357027464
0.0410164477807 0.046042003231
0.148440366514 0.14620355412
0.149114546907 0.14620355412
0.0244698782689 0.0258481421648
0.0667894939318 0.0662358642973
0.147744379082 0.138126009693
0.300009618117 0.291599353796
0.290328754321 0.282714054927
0.172012471339 0.177705977383
0.0794955810995 0.0912762520194
0.0148594639802 0.0121163166397
0.0184526617015 0.0169628432956
0.0297633054369 0.0282714054927
0.0142919935718 0.0145395799677
0.0149593727627 0.016155088853
0.0165627509521 0.016155088853
0.0211350361326 0.0226171243942
0.0308156462391 0.0363489499192
0.0144820253419 0.0145395799677
0.0142791082762 0.013731825525
0.01897806403 0.0210016155089
0.0196499520754 0.0226171243942
0.019362575044 0.0226171243942
0.0245941135387 0.0250403877221
0.0246047591337 0.0250403877221
0.0332365288079 0.0339256865913
0.0621537272182 0.0613893376414
0.0622984957866 0.0613893376414
0.0225454647637 0.0210016155089
0.0479135342319 0.0476575121163
0.0524958302237 0.0525040387722
0.0718369232541 0.0815831987076
0.0848965895824 0.0936995153473
0.0126131445541 0.0145395799677
0.0136274404431 0.016155088853
0.0156294552318 0.016155088853
0.0243621280204 0.0242326332795
0.211311271399 0.226978998384
0.152570225305 0.153473344103
0.0184948440136 0.0169628432956
0.0216771307967 0.0201938610662
0.0525323641333 0.0541195476575
0.0209790802234 0.0193861066236
0.0218808570932 0.0193861066236
0.0527544901476 0.0516962843296
0.0219975884832 0.0201938610662
0.0192654123888 0.016155088853
0.0235208193909 0.0234248788368
0.0346418501093 0.0347334410339
0.0410789834026 0.0428109854604
0.0178804797191 0.0153473344103
0.0193376195373 0.0177705977383
0.0256680840287 0.0250403877221
0.0336654895562 0.0331179321486
0.038194353807 0.0379644588045
0.0814524116629 0.0799676898223
0.0534994501618 0.0541195476575
0.0648778465625 0.0654281098546
0.121077908068 0.120355411955
0.143361435699 0.147819063005
0.213374242966 0.222132471729
0.281246641123 0.308562197092
0.0440758491208 0.0452342487884
0.152287163274 0.147011308562
0.189401389838 0.183360258481
0.272359853085 0.275444264943
0.295798553939 0.290791599354
0.729186152021 0.742326332795
0.795483987118 0.789983844911
0.021326424421 0.0193861066236
0.021501383312 0.0193861066236
0.0213167963902 0.0193861066236
0.0214901705979 0.0193861066236
0.0305278698168 0.029886914378
0.0414613457996 0.0403877221325
0.0319445897725 0.0331179321486
0.0349838576522 0.0379644588045
0.0197469101114 0.0201938610662
Average test error: 1.72185947554e-05
Weights: 
2.84782189899 -1.61109779338 -1.5449972966 -0.765745529436 -0.147007935255 -0.636256124518 -0.515327899832 1.46702656144 -0.21038379971 -0.745785690839 0.480679093826 -0.661937782633 -1.700121477 0.596508163278 -0.000963146695228 -0.801206305974 -4.58959037408 -2.16994317345 -0.646174135747 0.302381706481 0.0878097982761 
Weights: 
-7.82754766366 -0.753654093727 -4.33785818627 
Biases: 
3.9079392332 -1.84400906273 0.318186550423 
Biases: 
6.17646927651 
____________________________________
Fold 4
Validation Results: 
0.154951276241 0.160743134087
0.194947115554 0.20436187399
0.194264133712 0.20436187399
0.193571209345 0.20436187399
0.0923674316998 0.10662358643
0.221799431435 0.234248788368
0.303892792197 0.307754442649
0.310680259771 0.307754442649
0.607492666213 0.605008077544
0.954505060421 1.0
0.0186203254121 0.0185783521809
0.0202769998844 0.0193861066236
0.0606467858746 0.0565428109855
0.0981650006313 0.09450726979
0.0149919241162 0.0121163166397
0.0554451167399 0.0516962843296
0.0220545762019 0.0185783521809
0.0274101753238 0.0234248788368
0.0208346599188 0.0177705977383
0.0982805974471 0.100161550889
0.0299412549133 0.0282714054927
0.0298061182076 0.0315024232633
0.0320508764512 0.032310177706
0.033275191249 0.0363489499192
0.0244971392328 0.0226171243942
0.0185548719703 0.0169628432956
0.0243331333274 0.0226171243942
0.0200645600706 0.0177705977383
0.0235043994107 0.0226171243942
0.0235376111682 0.0218093699515
0.0784828848575 0.0823909531502
0.0778175453987 0.0823909531502
0.0605722763186 0.0597738287561
0.0604897370365 0.0597738287561
0.112650523416 0.111470113086
0.111643727602 0.1098546042
0.0223118687823 0.0185783521809
0.0263047768637 0.0234248788368
0.0360837202304 0.0355411954766
0.0269237546125 0.0242326332795
0.0363651886471 0.0331179321486
0.0634619648041 0.0597738287561
0.0635219744053 0.0597738287561
0.0635060576176 0.0597738287561
0.046711825708 0.0436187399031
0.0353114697499 0.0331179321486
0.0144703242261 0.0145395799677
0.0188947890237 0.0226171243942
0.0295558443371 0.0290791599354
0.0326699771964 0.0306946688207
0.0245456756076 0.0274636510501
0.0153606869888 0.0153473344103
0.0618533703467 0.0581583198708
0.0300331567743 0.0290791599354
0.0275803577229 0.0242326332795
0.0489326608742 0.0452342487884
0.0349807933388 0.0339256865913
0.0238921121235 0.0274636510501
0.0238876913404 0.0274636510501
0.0238743980392 0.0274636510501
0.0238832653614 0.0274636510501
0.0238699568075 0.0274636510501
0.0201891215567 0.0153473344103
0.0614402131345 0.0605815831987
0.0951392621477 0.0912762520194
0.131517396337 0.126817447496
0.0189912602832 0.0145395799677
0.0203922572183 0.016155088853
0.0246390495994 0.0226171243942
0.0270097225887 0.0266558966074
0.0373790724908 0.0379644588045
0.0395262536842 0.0436187399031
0.0200773361319 0.016155088853
0.0212142363128 0.0185783521809
0.0226439610556 0.0201938610662
0.0433967020939 0.0420032310178
0.0224809091991 0.0218093699515
0.0412082814483 0.0403877221325
0.0189525598595 0.0145395799677
0.0442477789664 0.0428109854604
0.0194815086131 0.0185783521809
0.0255762583971 0.0242326332795
0.0598197943697 0.0589660743134
0.017733681623 0.016155088853
0.0213748833295 0.0201938610662
0.0237446241 0.0226171243942
0.0241013956572 0.0234248788368
0.0258904408047 0.0258481421648
0.14830114104 0.141357027464
0.0460702340268 0.046042003231
0.153434760913 0.14620355412
0.153238240009 0.14620355412
0.0258919779406 0.0258481421648
0.0637401867135 0.0662358642973
0.146646671826 0.138126009693
0.301719053745 0.291599353796
0.290717268186 0.282714054927
0.166888517727 0.177705977383
0.072220364908 0.0912762520194
0.0147109101736 0.0121163166397
0.0189023990326 0.0169628432956
0.0319484669459 0.0282714054927
0.0132120876852 0.0145395799677
0.01375350904 0.016155088853
0.015925552132 0.016155088853
0.0202853092817 0.0226171243942
0.0281008773985 0.0363489499192
0.0134218545259 0.0145395799677
0.0133989982486 0.013731825525
0.017816828094 0.0210016155089
0.0186237839398 0.0226171243942
0.0175361475266 0.0226171243942
0.0247593546199 0.0250403877221
0.024763315326 0.0250403877221
0.0335148126473 0.0339256865913
0.0616233891097 0.0613893376414
0.0618262096173 0.0613893376414
0.0229555693037 0.0210016155089
0.0486598474588 0.0476575121163
0.0534488299455 0.0525040387722
0.0695728854555 0.0815831987076
0.0836564183583 0.0936995153473
0.0114010411831 0.0145395799677
0.012344423463 0.016155088853
0.0147410532752 0.016155088853
0.0250437682028 0.0242326332795
0.0369409719736 0.0355411954766
0.0361461239817 0.0355411954766
0.0710433938413 0.0662358642973
0.0710138351017 0.0662358642973
0.0955054559678 0.103392568659
0.0322340932106 0.029886914378
0.0410167321894 0.0371567043619
0.0414196435426 0.0371567043619
0.0665272207662 0.064620355412
0.074870255481 0.0710823909532
0.0748309057425 0.0710823909532
0.0304999265483 0.0266558966074
0.0375235896492 0.0371567043619
0.0240094367773 0.0234248788368
0.0445621384002 0.0428109854604
0.0445658992178 0.0428109854604
0.0338107126682 0.0331179321486
0.0677878173474 0.0694668820679
0.0775933135052 0.0767366720517
0.0962524867318 0.0864297253635
0.0996329123145 0.09450726979
0.100435774653 0.0961227786753
0.101223761288 0.0969305331179
0.0407710238677 0.0387722132472
0.0915275801052 0.101777059774
0.215013005263 0.214862681745
0.217511202602 0.218093699515
0.372447194736 0.344103392569
0.124834677048 0.12197092084
0.216192952415 0.215670436187
0.490959280908 0.487075928918
0.0182761178212 0.0153473344103
0.0201822180637 0.0169628432956
0.0240400100979 0.0210016155089
0.0285681196153 0.0282714054927
0.0332642598636 0.0331179321486
0.0342751465061 0.0379644588045
0.0458928929321 0.0500807754443
0.0601298110383 0.0630048465267
0.0570629372884 0.064620355412
0.0569955385109 0.064620355412
0.109232433284 0.114701130856
Average test error: 1.84673153472e-05
Weights: 
2.64986221525 -1.62006643826 -0.901424298166 -0.470129407053 -0.251110460605 -0.84557485355 -0.647804860895 -0.199635330597 -0.111525996987 -3.29068103629 -0.888515204873 0.106416236723 0.86127838511 1.24599124171 -0.365264204402 -0.0249030530805 3.43791468027 2.4179211434 0.633293381212 0.510165053256 0.442181907708 
Weights: 
-7.93320701312 -1.89609097015 4.20198275213 
Biases: 
3.46722340712 0.308442972801 0.27596453968 
Biases: 
2.36439575996 
____________________________________
