Fold 0
Validation Results: 
0.0589701708347 0.0597738287561
0.0595317865277 0.0597738287561
0.0471883574252 0.0436187399031
0.040311973558 0.0331179321486
0.017614530805 0.0145395799677
0.0199076037068 0.0226171243942
0.0325801425143 0.0290791599354
0.0373374934637 0.0306946688207
0.023725567261 0.0274636510501
0.0193905496387 0.0153473344103
0.0618220941118 0.0581583198708
0.0353938169646 0.0290791599354
0.0345507502424 0.0242326332795
0.0492499885667 0.0452342487884
0.0387654149058 0.0339256865913
0.0217880095882 0.0274636510501
0.021830487617 0.0274636510501
0.0219585724239 0.0274636510501
0.0218730739164 0.0274636510501
0.0220014851825 0.0274636510501
0.0290170662369 0.0153473344103
0.059861611748 0.0605815831987
0.0834420150514 0.0912762520194
0.129440233664 0.126817447496
0.0288537128505 0.0145395799677
0.0298591196292 0.016155088853
0.0328632318168 0.0226171243942
0.0342055138273 0.0266558966074
0.0424137964991 0.0379644588045
0.0444671706238 0.0436187399031
0.0283591370909 0.016155088853
0.0273287996826 0.0185783521809
0.0281329874586 0.0201938610662
0.0394161592015 0.0420032310178
0.0289412225611 0.0218093699515
0.0392430746791 0.0403877221325
0.0256477907127 0.0145395799677
0.0453775514291 0.0428109854604
0.0259978668616 0.0185783521809
0.0312794024906 0.0242326332795
0.056309217148 0.0589660743134
0.0251113265031 0.016155088853
0.0271002394701 0.0201938610662
0.032030487223 0.0226171243942
0.0324242610007 0.0234248788368
0.0333233104253 0.0258481421648
0.128103368832 0.141357027464
0.0457747178678 0.046042003231
0.130633212979 0.14620355412
0.138062656135 0.14620355412
0.0328496720858 0.0258481421648
0.0643222406278 0.0662358642973
0.135806476125 0.138126009693
0.299407975958 0.291599353796
0.296810276998 0.282714054927
0.161650429635 0.177705977383
0.0753119887006 0.0912762520194
0.0210449304008 0.0121163166397
0.0278396149081 0.0169628432956
0.0376493764434 0.0282714054927
0.0146980921629 0.0145395799677
0.0150100000411 0.016155088853
0.0206782670361 0.016155088853
0.0263019698077 0.0226171243942
0.0311458852232 0.0363489499192
0.0164272491752 0.0145395799677
0.0163694123093 0.013731825525
0.018366257784 0.0210016155089
0.0186795324394 0.0226171243942
0.0185670502472 0.0226171243942
0.031270650611 0.0250403877221
0.0310675443124 0.0250403877221
0.0382069928173 0.0339256865913
0.055932552457 0.0613893376414
0.0555200938926 0.0613893376414
0.0296669577761 0.0210016155089
0.0511229470841 0.0476575121163
0.0540329200599 0.0525040387722
0.066283305456 0.0815831987076
0.0771430267186 0.0936995153473
0.0117507164771 0.0145395799677
0.012106735546 0.016155088853
0.0181791703657 0.016155088853
0.0343753174915 0.0242326332795
0.042371788904 0.0355411954766
0.0429209867715 0.0355411954766
0.064964583629 0.0662358642973
0.0657446104606 0.0662358642973
0.0867660685397 0.103392568659
0.0374957981072 0.029886914378
0.0420381651546 0.0371567043619
0.0423159540191 0.0371567043619
0.059410404435 0.064620355412
0.0634306588079 0.0710823909532
0.0642707145229 0.0710823909532
0.0466682573366 0.0266558966074
0.0418411414791 0.0371567043619
0.0333459819409 0.0234248788368
0.0463893038311 0.0428109854604
0.0462811619256 0.0428109854604
0.040429194574 0.0331179321486
0.0628012363511 0.0694668820679
0.0703235379147 0.0767366720517
0.0779822929119 0.0864297253635
0.0823947693255 0.09450726979
0.0849034734851 0.0961227786753
0.0863028885471 0.0969305331179
0.0461221287732 0.0387722132472
0.089391565575 0.101777059774
0.210971132872 0.214862681745
0.233379690465 0.218093699515
0.383559383924 0.344103392569
0.11508005687 0.12197092084
0.222485890681 0.215670436187
0.492384526362 0.487075928918
0.0283210223425 0.0153473344103
0.0301465288531 0.0169628432956
0.0333997181365 0.0210016155089
0.0366614092851 0.0282714054927
0.0397524081566 0.0331179321486
0.0413286686443 0.0379644588045
0.0489415639426 0.0500807754443
0.0578648133953 0.0630048465267
0.0502224212553 0.064620355412
0.0542479552585 0.064620355412
0.0906180885315 0.114701130856
0.197613411943 0.226978998384
0.131461845416 0.153473344103
0.0279575993931 0.0169628432956
0.0302221583418 0.0201938610662
0.0478280923855 0.0541195476575
0.0287313342966 0.0193861066236
0.0295218646715 0.0193861066236
0.0471934288012 0.0516962843296
0.0312482007579 0.0201938610662
0.0290888258139 0.016155088853
0.0324351569313 0.0234248788368
0.040019263923 0.0347334410339
0.0460359549942 0.0428109854604
0.0262928174066 0.0153473344103
0.0273761271743 0.0177705977383
0.0337574282423 0.0250403877221
0.0381754675086 0.0331179321486
0.0424292301666 0.0379644588045
0.0744557580752 0.0799676898223
0.0520849345587 0.0541195476575
0.0613719962968 0.0654281098546
0.0993483337293 0.120355411955
0.120096961703 0.147819063005
0.205952100998 0.222132471729
0.314956584712 0.308562197092
0.0458060111546 0.0452342487884
0.130618824458 0.147011308562
0.166055192481 0.183360258481
0.264335473774 0.275444264943
0.299026087872 0.290791599354
0.741694270749 0.742326332795
0.804419727492 0.789983844911
0.0298670681394 0.0193861066236
0.0300169652747 0.0193861066236
0.0300597981354 0.0193861066236
0.0302434811998 0.0193861066236
0.0378290162127 0.029886914378
0.0445961485393 0.0403877221325
0.0387288948236 0.0331179321486
0.0333956166257 0.0379644588045
0.0248809786338 0.0201938610662
Average test error: 4.80213414595e-05
Weights: 
-0.804978486052 0.462057561206 1.80690908312 1.4256443334 -0.382520403423 -1.32899044088 0.781672993886 0.901671622544 -0.755748734553 -0.798490854193 -0.0420938152206 -0.42057539886 -1.85980572979 -0.613673659801 -0.660868322617 -0.817892106803 1.99293032677 -0.409212057714 0.466854104334 1.00381710738 1.22379792662 
Weights: 
4.11215349165 -3.20108513351 1.36300950542 
Biases: 
-0.981830522311 1.89166215356 -0.330562773261 
Biases: 
-2.41192643195 
____________________________________
Fold 1
Validation Results: 
0.165078467779 0.160743134087
0.190916610852 0.20436187399
0.181408225968 0.20436187399
0.172369074311 0.20436187399
0.0811014122946 0.10662358643
0.227904392554 0.234248788368
0.291872641775 0.307754442649
0.322581620656 0.307754442649
0.670161941943 0.605008077544
0.855060657509 1.0
0.0240174004566 0.0185783521809
0.0250018560033 0.0193861066236
0.0545732573974 0.0565428109855
0.0834176243263 0.09450726979
0.0215897996428 0.0121163166397
0.0487329550077 0.0516962843296
0.0284682749272 0.0185783521809
0.033285749155 0.0234248788368
0.0287341991047 0.0177705977383
0.0897683298269 0.100161550889
0.0352495909813 0.0282714054927
0.0349986797012 0.0315024232633
0.0406264554277 0.032310177706
0.0429874379527 0.0363489499192
0.0280445163434 0.0226171243942
0.0256741293275 0.0169628432956
0.0280112087201 0.0226171243942
0.0252528199436 0.0177705977383
0.0289866824019 0.0226171243942
0.0273043067208 0.0218093699515
0.0836632186226 0.0823909531502
0.0934519184936 0.0823909531502
0.052058441981 0.0597738287561
0.0540670095099 0.0597738287561
0.0906241123841 0.111470113086
0.101656314992 0.1098546042
0.0296259486556 0.0185783521809
0.0325180395805 0.0234248788368
0.0404033736828 0.0355411954766
0.0326980421573 0.0242326332795
0.0384128331043 0.0331179321486
0.0535662206728 0.0597738287561
0.0260625500852 0.0201938610662
0.0302836480221 0.0226171243942
0.0309712468399 0.0234248788368
0.0324610290211 0.0258481421648
0.125972265439 0.141357027464
0.0490175728382 0.046042003231
0.141724458379 0.14620355412
0.149507621541 0.14620355412
0.0319582434244 0.0258481421648
0.0617139731186 0.0662358642973
0.13188237171 0.138126009693
0.30808060271 0.291599353796
0.314623979651 0.282714054927
0.163259828054 0.177705977383
0.0742732641672 0.0912762520194
0.0199802245541 0.0121163166397
0.0261714109527 0.0169628432956
0.0352402635567 0.0282714054927
0.0144160012957 0.0145395799677
0.0147576697901 0.016155088853
0.0198344229735 0.016155088853
0.0249561154775 0.0226171243942
0.029681849782 0.0363489499192
0.0160360224402 0.0145395799677
0.0159643456676 0.013731825525
0.018078439158 0.0210016155089
0.0184634538265 0.0226171243942
0.0186541297912 0.0226171243942
0.0299664817447 0.0250403877221
0.0297543729799 0.0250403877221
0.0360242750673 0.0339256865913
0.0526598090028 0.0613893376414
0.0521990602038 0.0613893376414
0.0282704254917 0.0210016155089
0.0466591948263 0.0476575121163
0.0499336387318 0.0525040387722
0.0631841925902 0.0815831987076
0.073880675314 0.0936995153473
0.0116236485925 0.0145395799677
0.0120203451041 0.016155088853
0.0175251827098 0.016155088853
0.0321504311051 0.0242326332795
0.0395492696829 0.0355411954766
0.0397818204704 0.0355411954766
0.059936818859 0.0662358642973
0.0606835218239 0.0662358642973
0.0844019498365 0.103392568659
0.0348713665221 0.029886914378
0.0393968975033 0.0371567043619
0.0398377949711 0.0371567043619
0.0568511196535 0.064620355412
0.0613728535428 0.0710823909532
0.0622093496308 0.0710823909532
0.0425202592527 0.0266558966074
0.0388115199076 0.0371567043619
0.0311247424622 0.0234248788368
0.0435334663687 0.0428109854604
0.0434262949794 0.0428109854604
0.0376356761485 0.0331179321486
0.0585835815303 0.0694668820679
0.065657408685 0.0767366720517
0.0738196247089 0.0864297253635
0.0785204821861 0.09450726979
0.0813822337648 0.0961227786753
0.0853552146386 0.0969305331179
0.044187390467 0.0387722132472
0.0888600889643 0.101777059774
0.211684270581 0.214862681745
0.232129263116 0.218093699515
0.390438573257 0.344103392569
0.114490498507 0.12197092084
0.222261782395 0.215670436187
0.490593684015 0.487075928918
0.0263004556594 0.0153473344103
0.0280288782216 0.0169628432956
0.0309002267375 0.0210016155089
0.0341143793154 0.0282714054927
0.0369348308974 0.0331179321486
0.038683813884 0.0379644588045
0.0457307772117 0.0500807754443
0.0539942695678 0.0630048465267
0.0522379096593 0.064620355412
0.0565219009023 0.064620355412
0.0877125249898 0.114701130856
0.191047096843 0.226978998384
0.135360430884 0.153473344103
0.026078836776 0.0169628432956
0.0283005076272 0.0201938610662
0.0457324281272 0.0541195476575
0.0272192294547 0.0193861066236
0.0284442825676 0.0193861066236
0.0447545697738 0.0516962843296
0.0292106169213 0.0201938610662
0.0277127363311 0.016155088853
0.0311690311301 0.0234248788368
0.0386368103606 0.0347334410339
0.0448712762923 0.0428109854604
0.0247118345689 0.0153473344103
0.0258614492785 0.0177705977383
0.0320134417185 0.0250403877221
0.0374632725033 0.0331179321486
0.0411464193196 0.0379644588045
0.0715173036907 0.0799676898223
0.0496597229025 0.0541195476575
0.059531554703 0.0654281098546
0.102156673104 0.120355411955
0.118678159503 0.147819063005
0.201202385918 0.222132471729
0.297683608964 0.308562197092
0.0467149245475 0.0452342487884
0.129384979391 0.147011308562
0.171662188917 0.183360258481
0.265114017751 0.275444264943
0.29232123228 0.290791599354
0.737557149359 0.742326332795
0.771137159231 0.789983844911
0.0277512626642 0.0193861066236
0.0279067605221 0.0193861066236
0.0279469270901 0.0193861066236
0.0281366378931 0.0193861066236
0.035419422171 0.029886914378
0.0422201978824 0.0403877221325
0.0371231330545 0.0331179321486
0.032088878972 0.0379644588045
0.0235748961684 0.0201938610662
Average test error: 0.000137943521284
Weights: 
1.10796483289 0.150893133422 -1.14860892048 0.0288308012667 -1.32131606833 0.668679459449 -1.17416057283 0.210120169693 -0.095433883992 -1.79813927155 -1.60532979975 0.609289890888 -1.00248278078 -0.842140887143 0.759527526029 -1.85529303206 -1.55493878127 -0.16272520108 0.664163626448 -0.624829565886 -0.218716384816 
Weights: 
-2.60008404613 -3.26124642634 -2.99351051397 
Biases: 
0.217811058591 0.936769603307 2.33358667466 
Biases: 
2.90584066382 
____________________________________
Fold 2
Validation Results: 
0.162510277547 0.160743134087
0.19557147612 0.20436187399
0.190893584053 0.20436187399
0.18636966934 0.20436187399
0.0843243752033 0.10662358643
0.226908268025 0.234248788368
0.294417297908 0.307754442649
0.309262165671 0.307754442649
0.661935569227 0.605008077544
0.854355669136 1.0
0.0231646384426 0.0185783521809
0.0240296535646 0.0193861066236
0.0541073022509 0.0565428109855
0.0813502387041 0.09450726979
0.021926003764 0.0121163166397
0.0480663178032 0.0516962843296
0.0297087574724 0.0185783521809
0.0346780128242 0.0234248788368
0.0299765244054 0.0177705977383
0.0931667029808 0.100161550889
0.0374710522225 0.0282714054927
0.036981468959 0.0315024232633
0.0452517265241 0.032310177706
0.0482539358066 0.0363489499192
0.0274938969394 0.0226171243942
0.0247629518432 0.0169628432956
0.0268877854166 0.0226171243942
0.0247346162469 0.0177705977383
0.0271937964554 0.0226171243942
0.0264982921859 0.0218093699515
0.074176164434 0.0823909531502
0.076898983703 0.0823909531502
0.0537462062548 0.0597738287561
0.054592895467 0.0597738287561
0.0923930576925 0.111470113086
0.0966748614886 0.1098546042
0.0318815620218 0.0185783521809
0.0347405240093 0.0234248788368
0.0418636066616 0.0355411954766
0.0343379858872 0.0242326332795
0.0394270772176 0.0331179321486
0.0556474789938 0.0597738287561
0.0562921496469 0.0597738287561
0.0565498319329 0.0597738287561
0.0439373191247 0.0436187399031
0.0381180530474 0.0331179321486
0.0162008114299 0.0145395799677
0.0172406081218 0.0226171243942
0.0291500449173 0.0290791599354
0.0343575064987 0.0306946688207
0.0197196837254 0.0274636510501
0.0173224231939 0.0153473344103
0.0528951170482 0.0581583198708
0.0323123298064 0.0290791599354
0.0332308372422 0.0242326332795
0.0445458158975 0.0452342487884
0.0344123261927 0.0339256865913
0.0183415211374 0.0274636510501
0.0183580540686 0.0274636510501
0.0184077518538 0.0274636510501
0.018374603492 0.0274636510501
0.0184243508111 0.0274636510501
0.0296032945146 0.0153473344103
0.0615462876879 0.0605815831987
0.0830532358449 0.0912762520194
0.112720437532 0.126817447496
0.0291440843376 0.0145395799677
0.0296604334419 0.016155088853
0.034663348696 0.0226171243942
0.0360631466084 0.0266558966074
0.0440035348953 0.0379644588045
0.0506754273028 0.0436187399031
0.0298099064112 0.016155088853
0.0274677959258 0.0185783521809
0.0282978853618 0.0201938610662
0.0368681214511 0.0420032310178
0.0293818225636 0.0218093699515
0.0375238629927 0.0403877221325
0.0262727199277 0.0145395799677
0.0453285337929 0.0428109854604
0.0244784482187 0.0185783521809
0.0362037851839 0.0242326332795
0.0619509326974 0.0589660743134
0.0237802085626 0.016155088853
0.0410860135753 0.0355411954766
0.0417408846955 0.0355411954766
0.0615124151502 0.0662358642973
0.0618553103507 0.0662358642973
0.0863932503039 0.103392568659
0.0360637270052 0.029886914378
0.0401682899371 0.0371567043619
0.0401052784031 0.0371567043619
0.0597166048964 0.064620355412
0.0624573673946 0.0710823909532
0.0628358312906 0.0710823909532
0.052626714994 0.0266558966074
0.0394743540458 0.0371567043619
0.0328345861625 0.0234248788368
0.0442325179323 0.0428109854604
0.0441888393742 0.0428109854604
0.0390565935905 0.0331179321486
0.0612429093285 0.0694668820679
0.0674722598031 0.0767366720517
0.0720974148338 0.0864297253635
0.0777845031977 0.09450726979
0.0802302957826 0.0961227786753
0.0812740148619 0.0969305331179
0.0426817974151 0.0387722132472
0.0867474741189 0.101777059774
0.213382495534 0.214862681745
0.224212203696 0.218093699515
0.375412794316 0.344103392569
0.110706269802 0.12197092084
0.218883412726 0.215670436187
0.502351437814 0.487075928918
0.0284603205368 0.0153473344103
0.0304506620571 0.0169628432956
0.0333495977928 0.0210016155089
0.0371201679575 0.0282714054927
0.0398162725989 0.0331179321486
0.0425563197413 0.0379644588045
0.0496147389654 0.0500807754443
0.0585342059497 0.0630048465267
0.0557863607683 0.064620355412
0.0575440353142 0.064620355412
0.0915326591657 0.114701130856
0.195556008789 0.226978998384
0.127646325836 0.153473344103
0.0268545491218 0.0169628432956
0.0287666659062 0.0201938610662
0.0444357675137 0.0541195476575
0.0273934552795 0.0193861066236
0.0271952505269 0.0193861066236
0.0424820284303 0.0516962843296
0.0298822936876 0.0201938610662
0.0283685230037 0.016155088853
0.0326585022668 0.0234248788368
0.0386607543293 0.0347334410339
0.0434057331578 0.0428109854604
0.0256158158847 0.0153473344103
0.0266219551396 0.0177705977383
0.0339212328686 0.0250403877221
0.0387377977974 0.0331179321486
0.0417369904224 0.0379644588045
0.0709500051106 0.0799676898223
0.0502185828255 0.0541195476575
0.0590213808568 0.0654281098546
0.100350883846 0.120355411955
0.122882444953 0.147819063005
0.208532931495 0.222132471729
0.305663634647 0.308562197092
0.0475542487277 0.0452342487884
0.139094805631 0.147011308562
0.174647209047 0.183360258481
0.268191324073 0.275444264943
0.294195926016 0.290791599354
0.742612226083 0.742326332795
0.773420692739 0.789983844911
0.0283024783216 0.0193861066236
0.0285403179493 0.0193861066236
0.0283851013368 0.0193861066236
0.0286374158051 0.0193861066236
0.0361934322698 0.029886914378
0.0425077264832 0.0403877221325
0.0383518370109 0.0331179321486
0.0278303450101 0.0379644588045
0.0221739953189 0.0201938610662
Average test error: 0.000124898077461
Weights: 
-0.387592577006 0.947046553917 -0.109720514843 1.14410313268 -1.94605220493 1.87632586065 0.765727347529 1.45347846876 -0.209383497831 -3.0346581449 -0.0254550632677 0.247999874485 0.293799354682 -0.440914211953 0.901857934982 -1.01606703444 0.146488235031 -1.39637483865 -1.81219195516 -0.68907526014 0.188796591579 
Weights: 
1.96645439886 -4.73666875331 -2.4672581954 
Biases: 
0.537745137462 1.59982540077 1.34278458779 
Biases: 
1.15738755805 
____________________________________
Fold 3
Validation Results: 
0.146271993385 0.160743134087
0.187819105887 0.20436187399
0.183028064747 0.20436187399
0.178442702804 0.20436187399
0.0866554336271 0.10662358643
0.223722226976 0.234248788368
0.291497058184 0.307754442649
0.308650640334 0.307754442649
0.644125178433 0.605008077544
0.852983773256 1.0
0.0228867818095 0.0185783521809
0.0233180003372 0.0193861066236
0.0591910052693 0.0565428109855
0.0916353876685 0.09450726979
0.021401211924 0.0121163166397
0.0443813585562 0.0516962843296
0.0285030663543 0.0185783521809
0.0317658671915 0.0234248788368
0.0287796450999 0.0177705977383
0.0783084400256 0.100161550889
0.0340822873773 0.0282714054927
0.0351417832514 0.0315024232633
0.038421072764 0.032310177706
0.0410943490858 0.0363489499192
0.0265304250612 0.0226171243942
0.0244597167554 0.0169628432956
0.0268014622237 0.0226171243942
0.0247268662429 0.0177705977383
0.026984109461 0.0226171243942
0.0263040748182 0.0218093699515
0.0723190359024 0.0823909531502
0.075855155278 0.0823909531502
0.0528626091519 0.0597738287561
0.0536912943713 0.0597738287561
0.0926237549609 0.111470113086
0.0967588394031 0.1098546042
0.0330844394688 0.0185783521809
0.0361498442072 0.0234248788368
0.044133063368 0.0355411954766
0.0359806447592 0.0242326332795
0.0421940395416 0.0331179321486
0.0604161753441 0.0597738287561
0.0606597277402 0.0597738287561
0.0608952919372 0.0597738287561
0.0448652178884 0.0436187399031
0.0383560235572 0.0331179321486
0.0153460105047 0.0145395799677
0.0167401715965 0.0226171243942
0.0294436859372 0.0290791599354
0.034783056956 0.0306946688207
0.0195688663154 0.0274636510501
0.0167933875905 0.0153473344103
0.0571524014008 0.0581583198708
0.0338023179377 0.0290791599354
0.0349829930319 0.0242326332795
0.0487090948785 0.0452342487884
0.0361221610873 0.0339256865913
0.0178642860774 0.0274636510501
0.017875048545 0.0274636510501
0.0179074099354 0.0274636510501
0.017885823333 0.0274636510501
0.0179182217823 0.0274636510501
0.0281519531352 0.0153473344103
0.0571638260532 0.0605815831987
0.0806315757289 0.0912762520194
0.120635321697 0.126817447496
0.0289345782005 0.0145395799677
0.0295440263835 0.016155088853
0.0322571853298 0.0226171243942
0.0342000781843 0.0266558966074
0.0417716987183 0.0379644588045
0.0441342343933 0.0436187399031
0.0273150057756 0.016155088853
0.0252497478039 0.0185783521809
0.0258648579638 0.0201938610662
0.0350016723493 0.0420032310178
0.0264974555506 0.0218093699515
0.0347662746348 0.0403877221325
0.023808504817 0.0145395799677
0.0413580587385 0.0428109854604
0.0243269595084 0.0185783521809
0.0297145013431 0.0242326332795
0.0554375341805 0.0589660743134
0.0236389668039 0.016155088853
0.0251098814246 0.0201938610662
0.0318333462526 0.0226171243942
0.0318940876436 0.0234248788368
0.0328908261643 0.0258481421648
0.124972335063 0.141357027464
0.0442222690676 0.046042003231
0.126628729002 0.14620355412
0.130093858768 0.14620355412
0.0327076764569 0.0258481421648
0.0628951926613 0.0662358642973
0.130692373438 0.138126009693
0.298796660513 0.291599353796
0.296109143776 0.282714054927
0.160723247507 0.177705977383
0.0755616480076 0.0912762520194
0.0192437851031 0.0121163166397
0.0270616983582 0.0169628432956
0.0371098838337 0.0282714054927
0.012824758649 0.0145395799677
0.0129933394856 0.016155088853
0.0183199883619 0.016155088853
0.0240516666786 0.0226171243942
0.0286124184485 0.0363489499192
0.0144142176439 0.0145395799677
0.0143086370867 0.013731825525
0.0154907036312 0.0210016155089
0.0156638508592 0.0226171243942
0.0157363510725 0.0226171243942
0.0299921764709 0.0250403877221
0.0299194985097 0.0250403877221
0.036880977907 0.0339256865913
0.0531992844975 0.0613893376414
0.0533184193493 0.0613893376414
0.0283894578126 0.0210016155089
0.0533746486351 0.0476575121163
0.0558338697655 0.0525040387722
0.0680038388957 0.0815831987076
0.0787533624866 0.0936995153473
0.0106771954855 0.0145395799677
0.0108110690596 0.016155088853
0.015701900739 0.016155088853
0.0354677682204 0.0242326332795
0.225320193183 0.226978998384
0.130409295995 0.153473344103
0.027241329309 0.0169628432956
0.0291514559973 0.0201938610662
0.0476442941229 0.0541195476575
0.0271343080113 0.0193861066236
0.0273170940366 0.0193861066236
0.0432207751202 0.0516962843296
0.0304273762168 0.0201938610662
0.0282714209139 0.016155088853
0.031452917627 0.0234248788368
0.0381458118415 0.0347334410339
0.0433100687519 0.0428109854604
0.0255993414472 0.0153473344103
0.0264456051914 0.0177705977383
0.0342583345565 0.0250403877221
0.038136735308 0.0331179321486
0.0418030379544 0.0379644588045
0.0749735264874 0.0799676898223
0.0527908459089 0.0541195476575
0.0617093070328 0.0654281098546
0.101043018305 0.120355411955
0.126397900649 0.147819063005
0.212600057804 0.222132471729
0.304656352549 0.308562197092
0.0444744466272 0.0452342487884
0.133942278115 0.147011308562
0.164041843145 0.183360258481
0.271532171597 0.275444264943
0.30073094322 0.290791599354
0.753883606137 0.742326332795
0.799210251884 0.789983844911
0.0291642861239 0.0193861066236
0.0293512488199 0.0193861066236
0.0292334272149 0.0193861066236
0.0294327420947 0.0193861066236
0.0369384837298 0.029886914378
0.0448041882961 0.0403877221325
0.0377441126685 0.0331179321486
0.0282531328804 0.0379644588045
0.0218922511971 0.0201938610662
Average test error: 0.000112897595381
Weights: 
0.507047993612 -0.966670954961 -0.726604188867 0.220853944969 -0.540681558553 -2.43287952797 -0.492611414657 -1.95489964741 -0.65951680763 1.77860632451 0.383847597176 -0.228350636096 -1.02504875318 0.783047732554 -1.8656792501 0.438267524907 2.36277914686 1.44875492704 -0.328401985392 -1.32735162568 0.336734037383 
Weights: 
-3.47485772565 -0.0434321762703 4.6158646135 
Biases: 
2.03017173127 2.03566380343 -1.01940904537 
Biases: 
-1.55165482842 
____________________________________
Fold 4
Validation Results: 
0.156977325079 0.160743134087
0.191323393595 0.20436187399
0.183873483155 0.20436187399
0.176832070071 0.20436187399
0.0843751218998 0.10662358643
0.228399126779 0.234248788368
0.29269732259 0.307754442649
0.31898654826 0.307754442649
0.654752290037 0.605008077544
0.856019219357 1.0
0.0273292374534 0.0185783521809
0.027990017159 0.0193861066236
0.0561246004492 0.0565428109855
0.0871252229768 0.09450726979
0.0241139395749 0.0121163166397
0.0496014824765 0.0516962843296
0.0296225154137 0.0185783521809
0.0334704211965 0.0234248788368
0.0297298668442 0.0177705977383
0.0829022276799 0.100161550889
0.0359804643196 0.0282714054927
0.0367374069233 0.0315024232633
0.0409144790134 0.032310177706
0.0434443296731 0.0363489499192
0.0304637277202 0.0226171243942
0.0279828513462 0.0169628432956
0.0308004508137 0.0226171243942
0.0279749127917 0.0177705977383
0.0314007698626 0.0226171243942
0.0300758267867 0.0218093699515
0.0732239984148 0.0823909531502
0.0793541108464 0.0823909531502
0.0523837300775 0.0597738287561
0.0537278428251 0.0597738287561
0.093516846686 0.111470113086
0.101493859703 0.1098546042
0.0311747398858 0.0185783521809
0.0342112858672 0.0234248788368
0.0422639458776 0.0355411954766
0.0341508913926 0.0242326332795
0.0400717007535 0.0331179321486
0.057219368942 0.0597738287561
0.0578241416854 0.0597738287561
0.0582068641412 0.0597738287561
0.0467084487182 0.0436187399031
0.0398047335777 0.0331179321486
0.0226431365772 0.0145395799677
0.0259193095816 0.0226171243942
0.0342409736524 0.0290791599354
0.03743038842 0.0306946688207
0.0294118164812 0.0274636510501
0.0235204701149 0.0153473344103
0.0597977632295 0.0581583198708
0.0357693497599 0.0290791599354
0.0341855033896 0.0242326332795
0.0481836575045 0.0452342487884
0.039229213811 0.0339256865913
0.028288021329 0.0274636510501
0.0283254757278 0.0274636510501
0.0284382822645 0.0274636510501
0.0283630039111 0.0274636510501
0.0284760327521 0.0274636510501
0.0289960098018 0.0153473344103
0.0593918204033 0.0605815831987
0.0835292588107 0.0912762520194
0.126087666692 0.126817447496
0.0285008927426 0.0145395799677
0.0294571151421 0.016155088853
0.0330003212968 0.0226171243942
0.0346902941226 0.0266558966074
0.0423300372917 0.0379644588045
0.0458825965278 0.0436187399031
0.0287691678813 0.016155088853
0.0284917125603 0.0185783521809
0.0293614029059 0.0201938610662
0.0415553642523 0.0420032310178
0.0301995127938 0.0218093699515
0.0411327666416 0.0403877221325
0.0266355949706 0.0145395799677
0.0457403895653 0.0428109854604
0.0276218589356 0.0185783521809
0.0328931578028 0.0242326332795
0.0590813348451 0.0589660743134
0.0266738236726 0.016155088853
0.0287495183476 0.0201938610662
0.0323802646597 0.0226171243942
0.0327122642634 0.0234248788368
0.0340874610059 0.0258481421648
0.132292847594 0.141357027464
0.0476599955415 0.046042003231
0.140038764642 0.14620355412
0.145698479848 0.14620355412
0.0337472687736 0.0258481421648
0.0633024136373 0.0662358642973
0.134075125527 0.138126009693
0.308559187889 0.291599353796
0.306488216414 0.282714054927
0.16466150332 0.177705977383
0.0758310129516 0.0912762520194
0.0233646536313 0.0121163166397
0.0283759475397 0.0169628432956
0.036948831235 0.0282714054927
0.0216114119932 0.0145395799677
0.0221687684479 0.016155088853
0.0242428309583 0.016155088853
0.0288831346184 0.0226171243942
0.0351942838289 0.0363489499192
0.0219171227179 0.0145395799677
0.0217253785029 0.013731825525
0.0249728359255 0.0210016155089
0.0255197275918 0.0226171243942
0.0249840481016 0.0226171243942
0.032387847776 0.0250403877221
0.0322413444473 0.0250403877221
0.0388525550408 0.0339256865913
0.0570619991817 0.0613893376414
0.0567427880456 0.0613893376414
0.0304362021139 0.0210016155089
0.0493849442002 0.0476575121163
0.0521118630053 0.0525040387722
0.0653023541185 0.0815831987076
0.0755299008827 0.0936995153473
0.0213472926427 0.0145395799677
0.0221778872951 0.016155088853
0.0232661523124 0.016155088853
0.0339453163288 0.0242326332795
0.0414564080869 0.0355411954766
0.0417910507224 0.0355411954766
0.0634351801365 0.0662358642973
0.0639645623554 0.0662358642973
0.0894734341118 0.103392568659
0.0370713853374 0.029886914378
0.0416817860481 0.0371567043619
0.0418948231379 0.0371567043619
0.0591093519648 0.064620355412
0.0633055078976 0.0710823909532
0.0638858558483 0.0710823909532
0.0476121020596 0.0266558966074
0.0416124162035 0.0371567043619
0.0333293760667 0.0234248788368
0.0458803355808 0.0428109854604
0.0458063418307 0.0428109854604
0.0399246280134 0.0331179321486
0.0632575200143 0.0694668820679
0.0702342198843 0.0767366720517
0.0776069140375 0.0864297253635
0.0832022242967 0.09450726979
0.0850650520142 0.0961227786753
0.0868947139221 0.0969305331179
0.044699324178 0.0387722132472
0.0899758385861 0.101777059774
0.216002949695 0.214862681745
0.23274562774 0.218093699515
0.392728955627 0.344103392569
0.114143121418 0.12197092084
0.224606040582 0.215670436187
0.502057752958 0.487075928918
0.0283126746467 0.0153473344103
0.0298908622692 0.0169628432956
0.0327089190868 0.0210016155089
0.036304799807 0.0282714054927
0.0392533491456 0.0331179321486
0.0417143042073 0.0379644588045
0.0491932306915 0.0500807754443
0.0582244988228 0.0630048465267
0.0517570270742 0.064620355412
0.0546017454169 0.064620355412
0.0945829185776 0.114701130856
Average test error: 0.000118901270323
Weights: 
1.49924827743 -0.440964352286 -1.20298705664 -0.151272918981 -0.391209830431 -1.61578850309 -0.292265658434 0.904088978229 0.0430981967087 2.90883304629 1.76373607644 -0.0195528880817 -1.65457499852 0.3477583402 -0.814760679841 1.00518541634 0.278924358291 0.127117875263 -0.366147419919 0.214793699301 1.00060960171 
Weights: 
-3.39069273596 2.751293996 2.7897209143 
Biases: 
1.3625783777 -1.21585108409 -1.00583086141 
Biases: 
-2.22230117788 
____________________________________
