1.28961695376
0.555377656513
0.47417100573
0.407717722035
0.3542009806
0.319666344073
0.274833734419
0.228816092629
_______________
2.48115422627
0.952977198554
0.901291544479
0.877750982824
0.858072306599
0.838521377542
0.818177330835
0.796772374411
0.774270694469
0.750754682628
0.726374616333
0.701312765422
0.675755119958
0.649872628314
0.623812906613
0.597700536433
0.571642448271
0.545734984746
0.520070277241
0.494740723116
0.469841210849
0.445469252566
0.421723438434
0.763324115998
0.704269451002
0.650270243884
0.600658553542
0.55524832465
0.513873644167
0.476334123581
0.442391745986
0.411778162106
0.384205636825
0.359378958644
0.337006429961
0.316808778987
0.29852554253
0.281918994166
0.266775990104
0.252212039741
0.173205856352
_______________
2.5975671385
0.651198241673
0.600263066656
0.567892283201
0.537730959653
0.507868361951
0.478145476054
0.448763089608
0.419989929254
0.624233910288
0.559411955579
0.503057495165
0.452759437628
0.408140868386
0.368846625839
0.334447902179
0.304472401934
0.278435879081
0.230909678006
0.172059826632
_______________
2.60964015401
0.833908642569
0.789248233806
0.763891693429
0.740889180575
0.717852168078
0.694233278252
0.669894723918
0.644835683092
0.619119439155
0.592848983959
0.566157377117
0.539202641527
0.51216341108
0.485233874746
0.458617587474
0.432520248553
0.407141856856
0.382668830354
0.359266746733
0.337074326917
0.316199153273
0.492794079159
0.44903894797
0.411722968766
0.379250873045
0.351157527985
0.326983255551
0.306254719188
0.288509905257
0.273317280109
0.252348411218
0.157018856228
_______________
14.4800217749
0.866603477638
0.770617462121
0.700133601915
0.624332028959
0.544452104568
0.618270087108
0.477491655511
0.367240670208
0.329744983314
_______________
