Epoch 0
Trained 1363221 on this fold
Trained 167 on this fold
Trained 167 on this fold
Trained 168 on this fold
Validation Results: 
0.0614681375953 0.0597738287561
0.061523718637 0.0597738287561
0.044566825094 0.0436187399031
0.0345955325912 0.0331179321486
0.0119549256403 0.0145395799677
0.0153582130137 0.0226171243942
0.0272891581575 0.0290791599354
0.0309417768477 0.0306946688207
0.0198327174249 0.0274636510501
0.013236856764 0.0153473344103
0.0580150478492 0.0581583198708
0.0292690945814 0.0290791599354
0.0271658296468 0.0242326332795
0.0459467683511 0.0452342487884
0.0331342801871 0.0339256865913
0.0183196538628 0.0274636510501
0.0183321954696 0.0274636510501
0.0183699342201 0.0274636510501
0.0183447560944 0.0274636510501
0.0183825516317 0.0274636510501
0.0215773964836 0.0153473344103
0.0565931663827 0.0605815831987
0.0874414855252 0.0912762520194
0.122926845966 0.126817447496
0.0198761831677 0.0145395799677
0.021087682477 0.016155088853
0.0251774582929 0.0226171243942
0.0279235661861 0.0266558966074
0.037483168694 0.0379644588045
0.0398632289151 0.0436187399031
0.0202392803812 0.016155088853
0.0213353688433 0.0185783521809
0.0224675746237 0.0201938610662
0.0404662153234 0.0420032310178
0.0217856982736 0.0218093699515
0.0369599166643 0.0403877221325
0.0188536826878 0.0145395799677
0.0412407121466 0.0428109854604
0.0193030141125 0.0185783521809
0.024190849393 0.0242326332795
0.0535273400744 0.0589660743134
0.0177290652689 0.016155088853
0.0210606933626 0.0201938610662
0.0252412328893 0.0226171243942
0.025784840755 0.0234248788368
0.0264111735361 0.0258481421648
0.146964732716 0.141357027464
0.0428829090637 0.046042003231
0.149156921756 0.14620355412
0.14811231487 0.14620355412
0.0263024526376 0.0258481421648
0.0664628428891 0.0662358642973
0.146085718506 0.138126009693
0.299263071847 0.291599353796
0.286506324806 0.282714054927
0.169239838363 0.177705977383
0.0815945630352 0.0912762520194
0.013844875892 0.0121163166397
0.0195252954075 0.0169628432956
0.0305251505884 0.0282714054927
0.00976921130214 0.0145395799677
0.0102009112302 0.016155088853
0.0144636915482 0.016155088853
0.0201938539962 0.0226171243942
0.0287655807225 0.0363489499192
0.0110741452868 0.0145395799677
0.0108643868011 0.013731825525
0.0139283489135 0.0210016155089
0.0144070223359 0.0226171243942
0.014651373399 0.0226171243942
0.0254428324943 0.0250403877221
0.0253942273137 0.0250403877221
0.0332472974781 0.0339256865913
0.058420232444 0.0613893376414
0.0585292928983 0.0613893376414
0.0231054858421 0.0210016155089
0.0476482983319 0.0476575121163
0.0522065061269 0.0525040387722
0.0711773884578 0.0815831987076
0.0832884913809 0.0936995153473
0.00727618713601 0.0145395799677
0.00772988220679 0.016155088853
0.0123665133041 0.016155088853
0.0269048530444 0.0242326332795
0.037486485965 0.0355411954766
0.0364534351811 0.0355411954766
0.0671002598111 0.0662358642973
0.0671561915003 0.0662358642973
0.0999084021624 0.103392568659
0.031826065216 0.029886914378
0.0386011547574 0.0371567043619
0.0392439804782 0.0371567043619
0.063549761868 0.064620355412
0.0717005436699 0.0710823909532
0.0717473696944 0.0710823909532
0.0283854104951 0.0266558966074
0.0369872763148 0.0371567043619
0.0253529984087 0.0234248788368
0.0427516895092 0.0428109854604
0.0427336293352 0.0428109854604
0.034247708646 0.0331179321486
0.0677391481277 0.0694668820679
0.0763281719893 0.0767366720517
0.090695775044 0.0864297253635
0.097752039709 0.09450726979
0.0983004185061 0.0961227786753
0.100305417843 0.0969305331179
0.0417046383464 0.0387722132472
0.0986037990379 0.101777059774
0.217986646447 0.214862681745
0.214895180147 0.218093699515
0.365056620514 0.344103392569
0.122798611509 0.12197092084
0.216320833628 0.215670436187
0.481470494943 0.487075928918
0.0193751149838 0.0153473344103
0.0212036543085 0.0169628432956
0.0247808782715 0.0210016155089
0.0296197811354 0.0282714054927
0.0338296387085 0.0331179321486
0.0369333790664 0.0379644588045
0.0478202281886 0.0500807754443
0.0611296179706 0.0630048465267
0.0601696446935 0.064620355412
0.0606005881029 0.064620355412
0.113863159794 0.114701130856
0.237869948057 0.226978998384
0.150016029687 0.153473344103
0.0195306759203 0.0169628432956
0.0224050074869 0.0201938610662
0.050451855103 0.0541195476575
0.0211870999811 0.0193861066236
0.0224464521712 0.0193861066236
0.0480370630649 0.0516962843296
0.0229827153096 0.0201938610662
0.0208380683994 0.016155088853
0.0248680069118 0.0234248788368
0.0347327222132 0.0347334410339
0.0414532525842 0.0428109854604
0.0184632778754 0.0153473344103
0.0198065312334 0.0177705977383
0.0276081274297 0.0250403877221
0.0355197436219 0.0331179321486
0.0393545201497 0.0379644588045
0.0798566368463 0.0799676898223
0.0543263608575 0.0541195476575
0.0652899083763 0.0654281098546
0.122176355958 0.120355411955
0.143615006333 0.147819063005
0.223502044354 0.222132471729
0.286355693843 0.308562197092
0.045344721439 0.0452342487884
0.153260051587 0.147011308562
0.190431790232 0.183360258481
0.274853390296 0.275444264943
0.294756457963 0.290791599354
0.730294890512 0.742326332795
0.800208173859 0.789983844911
0.0218909614043 0.0193861066236
0.0221358295804 0.0193861066236
0.0219346241905 0.0193861066236
0.0221872319322 0.0193861066236
0.0310703372997 0.029886914378
0.0413674009839 0.0403877221325
0.0331376643938 0.0331179321486
0.0302004043941 0.0379644588045
0.0180510905619 0.0201938610662
Average test error: 0.00336969977726
Weights: 
-0.371044563838 0.834486729629 1.70789767277 0.763915490908 0.0899776057418 -0.0832328434784 -0.677732147587 0.514889639623 -2.48484763064 -1.34856948668 -0.487388552091 -0.528982935758 -1.39891103234 -1.37193509947 0.898090925958 -0.574024403312 -3.28860128545 -1.71137578728 -0.970585106787 -0.229262786343 -1.32144579852 
Weights: 
4.42140802275 -5.41037047035 -3.19162532977 
Biases: 
-0.62856288578 5.4965188235 0.000501359635694 
Biases: 
1.47126183982 
____________________________________
Epoch 1
Trained 102705 on this fold
Trained 1232293 on this fold
Trained 167 on this fold
Trained 168 on this fold
Validation Results: 
0.166270985353 0.160743134087
0.197306575188 0.20436187399
0.198222508475 0.20436187399
0.199171456644 0.20436187399
0.0992850607113 0.10662358643
0.222920052281 0.234248788368
0.299678783795 0.307754442649
0.304117213479 0.307754442649
0.606354551545 0.605008077544
0.969457539309 1.0
0.0193247674769 0.0185783521809
0.0200201411538 0.0193861066236
0.0559194400111 0.0565428109855
0.0950729021899 0.09450726979
0.0151095413284 0.0121163166397
0.0493627408864 0.0516962843296
0.021693521076 0.0185783521809
0.0262577959828 0.0234248788368
0.0214140055014 0.0177705977383
0.0983768721241 0.100161550889
0.0293735554213 0.0282714054927
0.032400622397 0.0315024232633
0.0313997087001 0.032310177706
0.0335544676738 0.0363489499192
0.0227227124247 0.0226171243942
0.0186467223662 0.0169628432956
0.0229551848521 0.0226171243942
0.0195542321625 0.0177705977383
0.0226944419532 0.0226171243942
0.0223098439984 0.0218093699515
0.0705776246656 0.0823909531502
0.069306955483 0.0823909531502
0.0600617465505 0.0597738287561
0.0597721092552 0.0597738287561
0.114236669187 0.111470113086
0.111692630886 0.1098546042
0.0211843619951 0.0185783521809
0.025133295514 0.0234248788368
0.0349911819691 0.0355411954766
0.0262039126598 0.0242326332795
0.0341170069984 0.0331179321486
0.0598413980056 0.0597738287561
0.0220080831748 0.0201938610662
0.0251803288305 0.0226171243942
0.0256833095873 0.0234248788368
0.0259877510656 0.0258481421648
0.149148196688 0.141357027464
0.0419074835587 0.046042003231
0.152856440548 0.14620355412
0.1518792337 0.14620355412
0.0259950075255 0.0258481421648
0.0647930346035 0.0662358642973
0.143718441283 0.138126009693
0.296703856197 0.291599353796
0.288587661816 0.282714054927
0.169811557244 0.177705977383
0.0808946816542 0.0912762520194
0.0150327450359 0.0121163166397
0.0192709545836 0.0169628432956
0.0292238406545 0.0282714054927
0.0139817284573 0.0145395799677
0.0146531224397 0.016155088853
0.0167594125858 0.016155088853
0.0220803027096 0.0226171243942
0.0323506561316 0.0363489499192
0.0147192590437 0.0145395799677
0.0142423255917 0.013731825525
0.0183137416167 0.0210016155089
0.0189676592475 0.0226171243942
0.0196060590346 0.0226171243942
0.026266922304 0.0250403877221
0.0262721328787 0.0250403877221
0.0332865993583 0.0339256865913
0.0581912531868 0.0613893376414
0.0584034838988 0.0613893376414
0.023251385136 0.0210016155089
0.0457972130044 0.0476575121163
0.0504591623106 0.0525040387722
0.0697471450761 0.0815831987076
0.0819197919641 0.0936995153473
0.0124186054856 0.0145395799677
0.0131362485494 0.016155088853
0.0154970755873 0.016155088853
0.0260259587497 0.0242326332795
0.0363544854074 0.0355411954766
0.0350277716099 0.0355411954766
0.0656751134241 0.0662358642973
0.0655765830784 0.0662358642973
0.10193495811 0.103392568659
0.0305424087221 0.029886914378
0.0379002565117 0.0371567043619
0.0385411473249 0.0371567043619
0.0619135471202 0.064620355412
0.0703539277307 0.0710823909532
0.070228387986 0.0710823909532
0.0249437438473 0.0266558966074
0.0366571867658 0.0371567043619
0.0248413122038 0.0234248788368
0.0424277693547 0.0428109854604
0.0424367599827 0.0428109854604
0.0332410883057 0.0331179321486
0.0680131673647 0.0694668820679
0.0766281734228 0.0767366720517
0.0903904808141 0.0864297253635
0.0980196948642 0.09450726979
0.0982544935424 0.0961227786753
0.0992638971014 0.0969305331179
0.0403933010757 0.0387722132472
0.0974001588012 0.101777059774
0.219768632968 0.214862681745
0.218569983031 0.218093699515
0.366304256304 0.344103392569
0.121466301473 0.12197092084
0.219042305334 0.215670436187
0.480267277941 0.487075928918
0.0185660740835 0.0153473344103
0.0200551342621 0.0169628432956
0.0232192160462 0.0210016155089
0.0284913290174 0.0282714054927
0.0325543606519 0.0331179321486
0.0370671187439 0.0379644588045
0.0477365670767 0.0500807754443
0.0609016520695 0.0630048465267
0.0599474944267 0.064620355412
0.0593688721239 0.064620355412
0.115271526749 0.114701130856
0.234159549269 0.226978998384
0.145838431051 0.153473344103
0.0193091739249 0.0169628432956
0.0220692056996 0.0201938610662
0.0526146012442 0.0541195476575
0.0209448529769 0.0193861066236
0.0223339012356 0.0193861066236
0.0475885795101 0.0516962843296
0.0220406731896 0.0201938610662
0.0201141136382 0.016155088853
0.0240995504682 0.0234248788368
0.0337658996445 0.0347334410339
0.0410967063052 0.0428109854604
0.0185830909694 0.0153473344103
0.0198582476672 0.0177705977383
0.0274642546366 0.0250403877221
0.0354515512718 0.0331179321486
0.0387677118766 0.0379644588045
0.0790753601337 0.0799676898223
0.0542319726869 0.0541195476575
0.0648657937898 0.0654281098546
0.119426620214 0.120355411955
0.14262892731 0.147819063005
0.221699891185 0.222132471729
0.284845874762 0.308562197092
0.0448912446187 0.0452342487884
0.154417655727 0.147011308562
0.189327605689 0.183360258481
0.272499216794 0.275444264943
0.294302139489 0.290791599354
0.726454387977 0.742326332795
0.800461490504 0.789983844911
0.0211064214577 0.0193861066236
0.0214827860435 0.0193861066236
0.0211060727603 0.0193861066236
0.0214821097293 0.0193861066236
0.0296243076188 0.029886914378
0.0405807010745 0.0403877221325
0.0322404377557 0.0331179321486
0.0326872231125 0.0379644588045
0.019682514617 0.0201938610662
Average test error: 0.00318374167447
Weights: 
0.230429173791 2.23559671086 2.68231586673 2.05197765906 1.62505554166 -0.270931186129 0.583261582176 0.820229124073 -0.471711984253 -2.66316349052 -1.02456034937 0.210754866842 -0.142084391709 0.647523091718 0.753323322785 -2.34819484656 -0.985850128265 -0.444189637679 -0.626251081365 -0.986021903038 -1.28158418543 
Weights: 
3.63887021365 -3.71110482982 -6.01429883339 
Biases: 
0.440697762835 0.733875262983 4.84074079476 
Biases: 
2.16302524033 
____________________________________
Epoch 2
Trained 148296 on this fold
Trained 1309113 on this fold
Trained 167 on this fold
Trained 168 on this fold
Validation Results: 
0.16687834058 0.160743134087
0.195292638478 0.20436187399
0.196496232915 0.20436187399
0.197725523467 0.20436187399
0.0951002762983 0.10662358643
0.2237923575 0.234248788368
0.304177027017 0.307754442649
0.308711814782 0.307754442649
0.602937217691 0.605008077544
0.969588879926 1.0
0.0170978072164 0.0185783521809
0.0178565834624 0.0193861066236
0.0557830696838 0.0565428109855
0.0920319557401 0.09450726979
0.0151101604314 0.0121163166397
0.0503643982334 0.0516962843296
0.0237960232279 0.0185783521809
0.0293238183669 0.0234248788368
0.0237781658044 0.0177705977383
0.0887667636085 0.100161550889
0.031795351093 0.0282714054927
0.0327735590801 0.0315024232633
0.0333338485495 0.032310177706
0.0354841446802 0.0363489499192
0.0223634564853 0.0226171243942
0.0177024082781 0.0169628432956
0.0222463532851 0.0226171243942
0.0190746263846 0.0177705977383
0.0211487288073 0.0226171243942
0.0215604444614 0.0218093699515
0.0685510875589 0.0823909531502
0.0657522142546 0.0823909531502
0.0626930861595 0.0597738287561
0.0618684206062 0.0597738287561
0.113127641994 0.111470113086
0.108869354898 0.1098546042
0.0264286992877 0.0185783521809
0.0301787888385 0.0234248788368
0.0388246741178 0.0355411954766
0.0310155766634 0.0242326332795
0.039333729263 0.0331179321486
0.0644773410439 0.0597738287561
0.0642047458667 0.0597738287561
0.0639799081315 0.0597738287561
0.0445947250607 0.0436187399031
0.0350775623043 0.0331179321486
0.00998452132079 0.0145395799677
0.012458625671 0.0226171243942
0.025855636796 0.0290791599354
0.0306967560531 0.0306946688207
0.0163136338378 0.0274636510501
0.0114699049726 0.0153473344103
0.0548909294645 0.0581583198708
0.0297598319446 0.0290791599354
0.0294042910469 0.0242326332795
0.0468351809103 0.0452342487884
0.031720254232 0.0339256865913
0.0148014009703 0.0274636510501
0.0147860008163 0.0274636510501
0.0147399262419 0.0274636510501
0.0147706216517 0.0274636510501
0.0147246099724 0.0274636510501
0.0235335820568 0.0153473344103
0.0544638454911 0.0605815831987
0.0861392846911 0.0912762520194
0.119196467178 0.126817447496
0.0229094931795 0.0145395799677
0.0237608151041 0.016155088853
0.0276510047934 0.0226171243942
0.0299595122011 0.0266558966074
0.0393715039708 0.0379644588045
0.0415275472646 0.0436187399031
0.0219654823446 0.016155088853
0.0209276961448 0.0185783521809
0.0216731590606 0.0201938610662
0.0371945209735 0.0420032310178
0.0212515330236 0.0218093699515
0.0343624040779 0.0403877221325
0.0187134170452 0.0145395799677
0.0402726686382 0.0428109854604
0.0191222832288 0.0185783521809
0.0233243204929 0.0242326332795
0.0504111627198 0.0589660743134
0.0177308682151 0.016155088853
0.0403735352484 0.0355411954766
0.0391494993307 0.0355411954766
0.069084604126 0.0662358642973
0.0687822087089 0.0662358642973
0.0937150550878 0.103392568659
0.034820730769 0.029886914378
0.0407566874174 0.0371567043619
0.0411473140589 0.0371567043619
0.0667660399808 0.064620355412
0.074070916982 0.0710823909532
0.0737355494481 0.0710823909532
0.0303926680135 0.0266558966074
0.0379418960339 0.0371567043619
0.0272151009288 0.0234248788368
0.0434520779656 0.0428109854604
0.0434948819007 0.0428109854604
0.0361450569872 0.0331179321486
0.067608207724 0.0694668820679
0.0756331641456 0.0767366720517
0.0912185253284 0.0864297253635
0.095907035279 0.09450726979
0.0965946131437 0.0961227786753
0.0964209818326 0.0969305331179
0.0418308324814 0.0387722132472
0.0912735037001 0.101777059774
0.219197665696 0.214862681745
0.217998979591 0.218093699515
0.372725784495 0.344103392569
0.120537420154 0.12197092084
0.218421740641 0.215670436187
0.47604910098 0.487075928918
0.022155975187 0.0153473344103
0.024412815218 0.0169628432956
0.0285440329002 0.0210016155089
0.0332018858284 0.0282714054927
0.0374394152733 0.0331179321486
0.0395720149096 0.0379644588045
0.0501228853217 0.0500807754443
0.0631374872824 0.0630048465267
0.0612116278084 0.064620355412
0.0595817308598 0.064620355412
0.109090726432 0.114701130856
0.2381387717 0.226978998384
0.152598113402 0.153473344103
0.020783386432 0.0169628432956
0.0234357949299 0.0201938610662
0.0472128849696 0.0541195476575
0.0217797569909 0.0193861066236
0.0224265764376 0.0193861066236
0.0452042491893 0.0516962843296
0.0246895657623 0.0201938610662
0.0224838556925 0.016155088853
0.0261535876703 0.0234248788368
0.0348549393415 0.0347334410339
0.0390549352905 0.0428109854604
0.0195413671162 0.0153473344103
0.0207304635147 0.0177705977383
0.0298333285729 0.0250403877221
0.0370406158177 0.0331179321486
0.0401739613489 0.0379644588045
0.0779947536845 0.0799676898223
0.0542949956418 0.0541195476575
0.0636309927919 0.0654281098546
0.114574061476 0.120355411955
0.139528788866 0.147819063005
0.223392398033 0.222132471729
0.30089450132 0.308562197092
0.0449997555816 0.0452342487884
0.155512188468 0.147011308562
0.188071721262 0.183360258481
0.269611912035 0.275444264943
0.296460541984 0.290791599354
0.73345520588 0.742326332795
0.798174715941 0.789983844911
0.0237536573648 0.0193861066236
0.0238976460779 0.0193861066236
0.0236798976232 0.0193861066236
0.0238112938024 0.0193861066236
0.032921764332 0.029886914378
0.0427828325105 0.0403877221325
0.0343173246394 0.0331179321486
0.0246467380519 0.0379644588045
0.0161928294184 0.0201938610662
Average test error: 0.00471274678198
Weights: 
-0.449803955539 0.0499982992937 3.00427603824 0.713650215914 1.28993380999 -0.316035605338 -0.618248702804 -2.39863471886 1.24119120101 0.951808586535 1.54447093103 -1.19456390546 0.694667676074 0.0351909215902 -0.246325630807 -2.41661392192 -1.03982235933 0.0383093164256 -0.669993473916 -1.08979464469 -1.3974246494 
Weights: 
4.47514525908 2.63842523949 -5.80429138328 
Biases: 
-0.26769849376 -0.252377513188 5.11440895924 
Biases: 
-1.06295364017 
____________________________________
Epoch 3
Trained 35905 on this fold
Trained 1287570 on this fold
Trained 167 on this fold
Trained 168 on this fold
Validation Results: 
0.16085578185 0.160743134087
0.197203906618 0.20436187399
0.197028256988 0.20436187399
0.196847985132 0.20436187399
0.10326438386 0.10662358643
0.21938067283 0.234248788368
0.30073519468 0.307754442649
0.301910953175 0.307754442649
0.606263815395 0.605008077544
0.969545293925 1.0
0.0187096192168 0.0185783521809
0.0195504841674 0.0193861066236
0.0566846893927 0.0565428109855
0.0983230148157 0.09450726979
0.0149090841611 0.0121163166397
0.0490796573428 0.0516962843296
0.020841494987 0.0185783521809
0.0251116215207 0.0234248788368
0.0205215461786 0.0177705977383
0.100679483193 0.100161550889
0.028711872139 0.0282714054927
0.0309543311979 0.0315024232633
0.0318706469298 0.032310177706
0.0341939001511 0.0363489499192
0.0225530187222 0.0226171243942
0.0184975434487 0.0169628432956
0.0226255740225 0.0226171243942
0.0191185383193 0.0177705977383
0.0226169403916 0.0226171243942
0.0218675892665 0.0218093699515
0.0750053747535 0.0823909531502
0.076622353997 0.0823909531502
0.0563832633204 0.0597738287561
0.0569021724523 0.0597738287561
0.115333323646 0.111470113086
0.116412116677 0.1098546042
0.0213882309819 0.0185783521809
0.0252835709888 0.0234248788368
0.0356206297846 0.0355411954766
0.025593369163 0.0242326332795
0.0335888929122 0.0331179321486
0.0597024148771 0.0597738287561
0.0599591482551 0.0597738287561
0.060093487856 0.0597738287561
0.0429426994521 0.0436187399031
0.0330777805725 0.0331179321486
0.0142659231632 0.0145395799677
0.0181737173107 0.0226171243942
0.0271338502505 0.0290791599354
0.0301210937858 0.0306946688207
0.0220320831366 0.0274636510501
0.0149719557815 0.0153473344103
0.0577619769406 0.0581583198708
0.0284728308049 0.0290791599354
0.0260966995958 0.0242326332795
0.0447429875986 0.0452342487884
0.0326930757879 0.0339256865913
0.0211490340524 0.0274636510501
0.0211680910678 0.0274636510501
0.0212253833343 0.0274636510501
0.0211871682815 0.0274636510501
0.0212445211886 0.0274636510501
0.0193373472782 0.0153473344103
0.0584614327259 0.0605815831987
0.089933167692 0.0912762520194
0.127410815594 0.126817447496
0.018434187014 0.0145395799677
0.0195890841912 0.016155088853
0.0238251693677 0.0226171243942
0.0269144791615 0.0266558966074
0.0363144600565 0.0379644588045
0.0397664846684 0.0436187399031
0.0192356488794 0.016155088853
0.0204532989088 0.0185783521809
0.0215854660461 0.0201938610662
0.0389378414076 0.0420032310178
0.0219809088812 0.0218093699515
0.0369578719623 0.0403877221325
0.0179946485938 0.0145395799677
0.0409078477846 0.0428109854604
0.0192767033113 0.0185783521809
0.0247376503772 0.0242326332795
0.0562450187147 0.0589660743134
0.0179173400845 0.016155088853
0.0208016811585 0.0201938610662
0.024254529448 0.0226171243942
0.0245751025459 0.0234248788368
0.0261632532882 0.0258481421648
0.143596319628 0.141357027464
0.0439430947851 0.046042003231
0.145868301361 0.14620355412
0.146295384876 0.14620355412
0.026033401582 0.0258481421648
0.0662924163796 0.0662358642973
0.148266037662 0.138126009693
0.297789135987 0.291599353796
0.285628297696 0.282714054927
0.174597323833 0.177705977383
0.0852292670859 0.0912762520194
0.0145014549466 0.0121163166397
0.0191216567973 0.0169628432956
0.0292345772004 0.0282714054927
0.0131536023347 0.0145395799677
0.0137860327285 0.016155088853
0.0158773688321 0.016155088853
0.0210780449858 0.0226171243942
0.0308089740574 0.0363489499192
0.0137939827529 0.0145395799677
0.013429210003 0.013731825525
0.0172048931764 0.0210016155089
0.017815809324 0.0226171243942
0.0180771285732 0.0226171243942
0.024986555203 0.0250403877221
0.0249285735217 0.0250403877221
0.0330117682477 0.0339256865913
0.0586125148923 0.0613893376414
0.0586053942526 0.0613893376414
0.0222365905496 0.0210016155089
0.0465635811396 0.0476575121163
0.0506779533101 0.0525040387722
0.0708354842262 0.0815831987076
0.0843292614045 0.0936995153473
0.0120566231995 0.0145395799677
0.0128263817273 0.016155088853
0.0148220864153 0.016155088853
0.0254195698894 0.0242326332795
0.226561017545 0.226978998384
0.151460778042 0.153473344103
0.0190830531151 0.0169628432956
0.0218503781096 0.0201938610662
0.0512017915459 0.0541195476575
0.02077144356 0.0193861066236
0.0213622429386 0.0193861066236
0.0474959244581 0.0516962843296
0.0220503786029 0.0201938610662
0.0196688091186 0.016155088853
0.0242368818378 0.0234248788368
0.0340845272523 0.0347334410339
0.041918362212 0.0428109854604
0.0181305540757 0.0153473344103
0.0194313518402 0.0177705977383
0.0264445220388 0.0250403877221
0.0334730688017 0.0331179321486
0.0379442390001 0.0379644588045
0.0815094271984 0.0799676898223
0.0533358521912 0.0541195476575
0.0654227528933 0.0654281098546
0.126199075477 0.120355411955
0.147904905018 0.147819063005
0.222336893171 0.222132471729
0.284321060601 0.308562197092
0.0442311316398 0.0452342487884
0.150411200448 0.147011308562
0.188177294001 0.183360258481
0.275532238283 0.275444264943
0.2958842902 0.290791599354
0.733388046574 0.742326332795
0.796727990182 0.789983844911
0.0209555392555 0.0193861066236
0.0212822935708 0.0193861066236
0.0210032571454 0.0193861066236
0.0213389302749 0.0193861066236
0.0299092590031 0.029886914378
0.0400181043407 0.0403877221325
0.0323068952824 0.0331179321486
0.0318502692591 0.0379644588045
0.0192070064654 0.0201938610662
Average test error: 0.00273902267386
Weights: 
-1.72500729903 0.628774663603 1.47101658326 0.445705683945 0.461804365285 -0.37106020787 -0.446344605878 0.00331558258889 -1.67578249561 -3.81284210377 -2.10331772862 -0.128592805487 -0.379515966025 -0.670186873435 -0.814213278583 -2.60439446331 -2.048620413 -1.1249165028 -0.164430079677 -1.4537899729 -0.63266543256 
Weights: 
2.63761781779 -3.80264614034 -5.83008215267 
Biases: 
-1.16716082163 0.482273394337 5.73395511586 
Biases: 
3.49150327825 
____________________________________
Epoch 4
Trained 154308 on this fold
Trained 2452729 on this fold
Trained 167 on this fold
Trained 167 on this fold
Validation Results: 
0.170185010664 0.160743134087
0.196704750256 0.20436187399
0.195845207504 0.20436187399
0.195113496809 0.20436187399
0.104161317851 0.10662358643
0.221160115092 0.234248788368
0.299327628978 0.307754442649
0.309494239563 0.307754442649
0.611775700673 0.605008077544
0.969831505122 1.0
0.0189153340557 0.0185783521809
0.0196381809201 0.0193861066236
0.0544268539999 0.0565428109855
0.0956631016977 0.09450726979
0.0141513618479 0.0121163166397
0.0522884664806 0.0516962843296
0.0204425131883 0.0185783521809
0.0256183483381 0.0234248788368
0.020233097362 0.0177705977383
0.0958826161002 0.100161550889
0.0288380039013 0.0282714054927
0.0321158867516 0.0315024232633
0.0297511116418 0.032310177706
0.0317245170543 0.0363489499192
0.0228785868254 0.0226171243942
0.0177945139179 0.0169628432956
0.0232501512172 0.0226171243942
0.0190415897965 0.0177705977383
0.022571869424 0.0226171243942
0.022255021996 0.0218093699515
0.0716362446137 0.0823909531502
0.071466064103 0.0823909531502
0.0620797629391 0.0597738287561
0.0620428832783 0.0597738287561
0.118871595116 0.111470113086
0.11891722668 0.1098546042
0.0198995768953 0.0185783521809
0.0241529094167 0.0234248788368
0.035040942743 0.0355411954766
0.0253486643181 0.0242326332795
0.0344830082687 0.0331179321486
0.0627741417437 0.0597738287561
0.0627201595289 0.0597738287561
0.0627042325948 0.0597738287561
0.0447117364878 0.0436187399031
0.0335575478957 0.0331179321486
0.0147111681027 0.0145395799677
0.0202182865101 0.0226171243942
0.0285745021202 0.0290791599354
0.0304127431875 0.0306946688207
0.0251071396222 0.0274636510501
0.0155477126567 0.0153473344103
0.0589243373893 0.0581583198708
0.0295792718669 0.0290791599354
0.0255587066272 0.0242326332795
0.046091863069 0.0452342487884
0.0335149896496 0.0339256865913
0.0242745500792 0.0274636510501
0.0242703555755 0.0274636510501
0.0242577894075 0.0274636510501
0.0242661639571 0.0274636510501
0.0242536064922 0.0274636510501
0.0194440675674 0.0153473344103
0.0526005333452 0.0605815831987
0.0859624954697 0.0912762520194
0.124099120939 0.126817447496
0.0172807315024 0.0145395799677
0.0186743830669 0.016155088853
0.0226506757888 0.0226171243942
0.0261331533134 0.0266558966074
0.0356466770417 0.0379644588045
0.0371225400662 0.0436187399031
0.0179384108175 0.016155088853
0.0209426696199 0.0185783521809
0.0220652964924 0.0201938610662
0.043074384245 0.0420032310178
0.0208713881044 0.0218093699515
0.0380359110571 0.0403877221325
0.0177493456637 0.0145395799677
0.0400403062845 0.0428109854604
0.0197147553166 0.0185783521809
0.0217250350009 0.0242326332795
0.0503653151361 0.0589660743134
0.0177873561951 0.016155088853
0.021813072154 0.0201938610662
0.0245253746995 0.0226171243942
0.025039309605 0.0234248788368
0.0246061659102 0.0258481421648
0.144894563582 0.141357027464
0.0395448462757 0.046042003231
0.148137007737 0.14620355412
0.148207244896 0.14620355412
0.0246262619376 0.0258481421648
0.0692331661457 0.0662358642973
0.148221419357 0.138126009693
0.301062370212 0.291599353796
0.290345944514 0.282714054927
0.173949593857 0.177705977383
0.0877007572287 0.0912762520194
0.0143424218338 0.0121163166397
0.0182987440875 0.0169628432956
0.0287405215101 0.0282714054927
0.0140368768846 0.0145395799677
0.014840612519 0.016155088853
0.0164436070928 0.016155088853
0.0219040190503 0.0226171243942
0.0336184203722 0.0363489499192
0.0144266672639 0.0145395799677
0.0139808091686 0.013731825525
0.0189597891339 0.0210016155089
0.0196172623384 0.0226171243942
0.0203071913672 0.0226171243942
0.0256319650684 0.0250403877221
0.0256422746729 0.0250403877221
0.0336474301168 0.0339256865913
0.0611791229405 0.0613893376414
0.06130456138 0.0613893376414
0.0228333234349 0.0210016155089
0.0471569813466 0.0476575121163
0.0519555000917 0.0525040387722
0.0734775362581 0.0815831987076
0.0851519496047 0.0936995153473
0.0124811361541 0.0145395799677
0.0135064527545 0.016155088853
0.0153707207043 0.016155088853
0.0252008687743 0.0242326332795
0.0366158057334 0.0355411954766
0.0350320586401 0.0355411954766
0.0675947373944 0.0662358642973
0.0675712590941 0.0662358642973
0.10352527482 0.103392568659
0.0310615237771 0.029886914378
0.0378458262652 0.0371567043619
0.0386389909573 0.0371567043619
0.0641815596504 0.064620355412
0.0728387474038 0.0710823909532
0.0728194542023 0.0710823909532
0.0215566049866 0.0266558966074
0.0367669857064 0.0371567043619
0.0239743505168 0.0234248788368
0.041956315915 0.0428109854604
0.0419609721223 0.0428109854604
0.0334483299531 0.0331179321486
0.0702507288553 0.0694668820679
0.0782185676654 0.0767366720517
0.0913661271022 0.0864297253635
0.099450450685 0.09450726979
0.0998168449286 0.0961227786753
0.10248367308 0.0969305331179
0.0411117903896 0.0387722132472
0.10403817889 0.101777059774
0.216567154817 0.214862681745
0.218674663921 0.218093699515
0.357799321796 0.344103392569
0.12568557248 0.12197092084
0.217550666085 0.215670436187
0.488209596808 0.487075928918
0.0173302250937 0.0153473344103
0.018910168137 0.0169628432956
0.0224420660238 0.0210016155089
0.0280282524594 0.0282714054927
0.0326962648053 0.0331179321486
0.0370235267902 0.0379644588045
0.0491271287609 0.0500807754443
0.0635411537326 0.0630048465267
0.0623321094897 0.064620355412
0.0623512291386 0.064620355412
0.116933036252 0.114701130856
Average test error: 0.00275855052478
Weights: 
-0.962274292358 0.856149205076 1.74795227064 1.01841544928 -0.107899679131 0.354905728079 -0.0478068289758 0.102107344022 -1.49402987612 -3.82426435907 -1.65395890412 -1.05082806671 0.301808535316 0.0886138120065 2.25849860581 -2.76714207913 -0.345582584847 1.40805299775 -1.20110348241 -1.3329266459 -2.23851436902 
Weights: 
5.64575688338 -5.20987669715 -3.96575451097 
Biases: 
-2.94135662834 -0.12351286009 5.3474274239 
Biases: 
1.9295938119 
____________________________________
