Fold 0
Validation Results: 
0.0571174103195 0.0597738287561
0.0577325890667 0.0597738287561
0.0479345443519 0.0436187399031
0.0429621468617 0.0331179321486
0.0259887351458 0.0145395799677
0.029882609018 0.0226171243942
0.036308044971 0.0290791599354
0.0388763090285 0.0306946688207
0.0322152061564 0.0274636510501
0.0274268912752 0.0153473344103
0.0567151502897 0.0581583198708
0.0387280292518 0.0290791599354
0.0360500617204 0.0242326332795
0.0467193332155 0.0452342487884
0.0402816579345 0.0339256865913
0.0311470677686 0.0274636510501
0.0311762765627 0.0274636510501
0.0312652377814 0.0274636510501
0.0312057070239 0.0274636510501
0.0312953405126 0.0274636510501
0.0362459939213 0.0153473344103
0.0512654456777 0.0605815831987
0.0640665175143 0.0912762520194
0.0893263190596 0.126817447496
0.0327020569542 0.0145395799677
0.0337035481068 0.016155088853
0.0364202375161 0.0226171243942
0.038547187892 0.0266558966074
0.0450186549444 0.0379644588045
0.0458108119269 0.0436187399031
0.0320849322254 0.016155088853
0.0342348121837 0.0185783521809
0.0346505889378 0.0201938610662
0.0444483730985 0.0420032310178
0.0330417503195 0.0218093699515
0.0401148684197 0.0403877221325
0.0315874674368 0.0145395799677
0.0440257392826 0.0428109854604
0.0321429954581 0.0185783521809
0.0322894091471 0.0242326332795
0.0405544319681 0.0589660743134
0.0308859012581 0.016155088853
0.0336433476153 0.0201938610662
0.038148975394 0.0226171243942
0.03927940778 0.0234248788368
0.0366120343133 0.0258481421648
0.087672119017 0.141357027464
0.0414078289517 0.046042003231
0.0853974459808 0.14620355412
0.0920563584187 0.14620355412
0.0361042819448 0.0258481421648
0.0733718550412 0.0662358642973
0.142945030281 0.138126009693
0.377341631889 0.291599353796
0.326769846319 0.282714054927
0.165292710212 0.177705977383
0.101349537856 0.0912762520194
0.0272329616521 0.0121163166397
0.0324001905049 0.0169628432956
0.037820796385 0.0282714054927
0.0257242180206 0.0145395799677
0.0263570925309 0.016155088853
0.0284725925067 0.016155088853
0.0337334131741 0.0226171243942
0.0408255704697 0.0363489499192
0.0264700012572 0.0145395799677
0.0259591232014 0.013731825525
0.0286004742311 0.0210016155089
0.0285919769872 0.0226171243942
0.0305722835014 0.0226171243942
0.037415931743 0.0250403877221
0.0371756566359 0.0250403877221
0.0414443812533 0.0339256865913
0.0531649568685 0.0613893376414
0.0526476979327 0.0613893376414
0.0350851856375 0.0210016155089
0.0497873873603 0.0476575121163
0.0535888613191 0.0525040387722
0.0724323828908 0.0815831987076
0.079660723704 0.0936995153473
0.0250653306992 0.0145395799677
0.0257051301947 0.016155088853
0.0271921762069 0.016155088853
0.0396540198873 0.0242326332795
0.0455963283193 0.0355411954766
0.0443614608368 0.0355411954766
0.0571438860982 0.0662358642973
0.0579414686958 0.0662358642973
0.0848284369193 0.103392568659
0.0400690421925 0.029886914378
0.0412912024458 0.0371567043619
0.0424495914554 0.0371567043619
0.0562001235008 0.064620355412
0.0617573014118 0.0710823909532
0.0627689742417 0.0710823909532
0.0332324232767 0.0266558966074
0.0431171182448 0.0371567043619
0.037698771063 0.0234248788368
0.0448191154252 0.0428109854604
0.0447016256704 0.0428109854604
0.0430027233135 0.0331179321486
0.0605639234806 0.0694668820679
0.0641617071054 0.0767366720517
0.0663501185807 0.0864297253635
0.0750547948945 0.09450726979
0.0777142940375 0.0961227786753
0.0869035672962 0.0969305331179
0.052701516175 0.0387722132472
0.113064603368 0.101777059774
0.191787061888 0.214862681745
0.226417592131 0.218093699515
0.426169373017 0.344103392569
0.114243513805 0.12197092084
0.209465503204 0.215670436187
0.463914067588 0.487075928918
0.0321865780214 0.0153473344103
0.033506207291 0.0169628432956
0.0359846633007 0.0210016155089
0.0398202376855 0.0282714054927
0.0421967745689 0.0331179321486
0.0466573628194 0.0379644588045
0.0524090743528 0.0500807754443
0.058380423505 0.0630048465267
0.0693136529851 0.064620355412
0.0777125614146 0.064620355412
0.0897450271059 0.114701130856
0.144406625719 0.226978998384
0.142073425266 0.153473344103
0.0325718478415 0.0169628432956
0.0344698436602 0.0201938610662
0.042664610591 0.0541195476575
0.0328604582413 0.0193861066236
0.0354617643128 0.0193861066236
0.0473158662332 0.0516962843296
0.0342739072909 0.0201938610662
0.0336232119465 0.016155088853
0.0350831770025 0.0234248788368
0.0403187541234 0.0347334410339
0.0456270122235 0.0428109854604
0.0301293035647 0.0153473344103
0.0310185893715 0.0177705977383
0.0385866566799 0.0250403877221
0.0438159860272 0.0331179321486
0.0459631947309 0.0379644588045
0.0736035294262 0.0799676898223
0.0610725521363 0.0541195476575
0.0672664754337 0.0654281098546
0.125961816974 0.120355411955
0.127536223743 0.147819063005
0.204887195292 0.222132471729
0.365118274191 0.308562197092
0.0475170752969 0.0452342487884
0.0992429715825 0.147011308562
0.201547280027 0.183360258481
0.389160883023 0.275444264943
0.434141420416 0.290791599354
0.576900013312 0.742326332795
0.619081402248 0.789983844911
0.0330875026916 0.0193861066236
0.0335130026383 0.0193861066236
0.0332788952279 0.0193861066236
0.0337412757521 0.0193861066236
0.0399567270247 0.029886914378
0.0426014245561 0.0403877221325
0.0427399684625 0.0331179321486
0.0351243059459 0.0379644588045
0.0314612694583 0.0201938610662
Average test error: 0.000449266467191
Weights: 
1.10726714804 -0.371848236799 0.744816101682 -0.800323030249 0.129585369493 1.50906975908 -0.650567854094 -0.267125723097 -2.37923383595 -2.98382950972 0.765139529956 -0.089437597784 0.611979421348 0.534126370985 1.68743593521 -0.574510640017 -0.371072360442 -1.18319486153 -1.66510838617 0.166451471629 -2.93888321067 
Weights: 
0.617639018892 -2.02266329802 -3.83088586186 
Biases: 
0.655051019418 0.402512416494 1.56825392967 
Biases: 
0.524062466415 
____________________________________
Fold 1
Validation Results: 
0.335403836725 0.160743134087
0.194363029671 0.20436187399
0.178487899181 0.20436187399
0.163666764817 0.20436187399
0.0767647343359 0.10662358643
0.240934347283 0.234248788368
0.278020560365 0.307754442649
0.324381730622 0.307754442649
0.541977877031 0.605008077544
0.684653495191 1.0
0.0232570512401 0.0185783521809
0.0250289781227 0.0193861066236
0.0546559282069 0.0565428109855
0.0849356754166 0.09450726979
0.0198817010748 0.0121163166397
0.0499637489562 0.0516962843296
0.0256794677811 0.0185783521809
0.0321195398813 0.0234248788368
0.0255403745517 0.0177705977383
0.138733835314 0.100161550889
0.0355940374434 0.0282714054927
0.03285717467 0.0315024232633
0.053888511875 0.032310177706
0.0573349324618 0.0363489499192
0.0275063510597 0.0226171243942
0.024934205227 0.0169628432956
0.0265314469711 0.0226171243942
0.0233892964553 0.0177705977383
0.028823530417 0.0226171243942
0.0258740077309 0.0218093699515
0.10131544797 0.0823909531502
0.122827673074 0.0823909531502
0.044204698231 0.0597738287561
0.047439466727 0.0597738287561
0.0816144006457 0.111470113086
0.101492023544 0.1098546042
0.0244163651143 0.0185783521809
0.0273637563245 0.0234248788368
0.0356693304044 0.0355411954766
0.0265218260151 0.0242326332795
0.0312894292929 0.0331179321486
0.0433536236335 0.0597738287561
0.0239712207656 0.0201938610662
0.0259305762782 0.0226171243942
0.0267943157915 0.0234248788368
0.032673461891 0.0258481421648
0.125976020854 0.141357027464
0.0671575389635 0.046042003231
0.171943445268 0.14620355412
0.187161748841 0.14620355412
0.0317274796504 0.0258481421648
0.0559603346874 0.0662358642973
0.129176059231 0.138126009693
0.301087071486 0.291599353796
0.315905381146 0.282714054927
0.158433610641 0.177705977383
0.0713819548091 0.0912762520194
0.0189842984972 0.0121163166397
0.0233225827064 0.0169628432956
0.0314722544128 0.0282714054927
0.0178289131438 0.0145395799677
0.018474696804 0.016155088853
0.0202983184821 0.016155088853
0.0241489659156 0.0226171243942
0.0293425554084 0.0363489499192
0.0186873435657 0.0145395799677
0.0184653440222 0.013731825525
0.0215007899712 0.0210016155089
0.0221887310067 0.0226171243942
0.0228629956297 0.0226171243942
0.0274049615403 0.0250403877221
0.0270407066363 0.0250403877221
0.0334718790269 0.0339256865913
0.0498453221729 0.0613893376414
0.0487727109679 0.0613893376414
0.0248628754071 0.0210016155089
0.0390216206699 0.0476575121163
0.0419746475395 0.0525040387722
0.0547513830337 0.0815831987076
0.0682094750316 0.0936995153473
0.0167418539937 0.0145395799677
0.0175197744476 0.016155088853
0.0197699677136 0.016155088853
0.0262826621987 0.0242326332795
0.0331399485059 0.0355411954766
0.0348388295536 0.0355411954766
0.0530635684702 0.0662358642973
0.0542803324544 0.0662358642973
0.0866716791175 0.103392568659
0.0288671195515 0.029886914378
0.0341471315677 0.0371567043619
0.0341816841021 0.0371567043619
0.0504726442158 0.064620355412
0.0533826479363 0.0710823909532
0.0547322981134 0.0710823909532
0.0832388446108 0.0266558966074
0.034514938715 0.0371567043619
0.0274139654574 0.0234248788368
0.040564412142 0.0428109854604
0.0403802927872 0.0428109854604
0.0332548209102 0.0331179321486
0.0525982376388 0.0694668820679
0.0608493674974 0.0767366720517
0.0661619498898 0.0864297253635
0.0727820835716 0.09450726979
0.0774482100458 0.0961227786753
0.0848041133354 0.0969305331179
0.0390383865742 0.0387722132472
0.0915825769288 0.101777059774
0.212903114242 0.214862681745
0.246081203477 0.218093699515
0.392652939811 0.344103392569
0.117080263955 0.12197092084
0.230138839101 0.215670436187
0.479222333193 0.487075928918
0.0219222813976 0.0153473344103
0.0234918578579 0.0169628432956
0.0256275918378 0.0210016155089
0.0290986411942 0.0282714054927
0.0314777352447 0.0331179321486
0.0339771041432 0.0379644588045
0.0400105024689 0.0500807754443
0.0467141419673 0.0630048465267
0.0459752715257 0.064620355412
0.053297233354 0.064620355412
0.0833887768957 0.114701130856
0.188831210629 0.226978998384
0.14863889224 0.153473344103
0.02269396735 0.0169628432956
0.0251148047548 0.0201938610662
0.0455725919565 0.0541195476575
0.0250363126254 0.0193861066236
0.0255279848157 0.0193861066236
0.0420410583218 0.0516962843296
0.0255507859206 0.0201938610662
0.024069014623 0.016155088853
0.0299614916078 0.0234248788368
0.0382160273106 0.0347334410339
0.0479319370134 0.0428109854604
0.0218061807477 0.0153473344103
0.0232897088512 0.0177705977383
0.0275233947524 0.0250403877221
0.0333070761986 0.0331179321486
0.0380587975946 0.0379644588045
0.0689767749784 0.0799676898223
0.0424110903692 0.0541195476575
0.0559892668424 0.0654281098546
0.106991403117 0.120355411955
0.110370475851 0.147819063005
0.184141186867 0.222132471729
0.305334389832 0.308562197092
0.0492887451712 0.0452342487884
0.11776310284 0.147011308562
0.161946682405 0.183360258481
0.28001904349 0.275444264943
0.323431272291 0.290791599354
0.680967685606 0.742326332795
0.704815412106 0.789983844911
0.0235343001952 0.0193861066236
0.0237912752645 0.0193861066236
0.0238466461845 0.0193861066236
0.0241605996986 0.0193861066236
0.0314809338522 0.029886914378
0.0383357605798 0.0403877221325
0.0347735282094 0.0331179321486
0.0346208065171 0.0379644588045
0.0238851100182 0.0201938610662
Average test error: 0.000549586379287
Weights: 
0.537746220305 -0.405123253211 -1.11252742994 -1.0724458865 0.485191998537 -0.255476557775 -1.55262439131 0.175963847738 -0.913919244437 -1.39173654827 -1.29032308214 0.936322134155 -1.60183022851 -1.37528466755 -0.329486166186 -0.0621306761945 -1.34853018062 -0.0817719820695 -0.466748881902 -1.32969917833 -1.33634342351 
Weights: 
-2.90058283633 -2.57904155034 -2.24607816937 
Biases: 
0.432703266513 0.740245357589 0.667092094131 
Biases: 
1.10734913202 
____________________________________
Fold 2
Validation Results: 
0.20606225855 0.160743134087
0.167397160174 0.20436187399
0.15546617014 0.20436187399
0.144415619707 0.20436187399
0.076930199241 0.10662358643
0.202410423725 0.234248788368
0.277394211032 0.307754442649
0.319350538696 0.307754442649
0.574185900637 0.605008077544
0.68292300992 1.0
0.0363674032291 0.0185783521809
0.0376548227655 0.0193861066236
0.0520205076257 0.0565428109855
0.0689804491813 0.09450726979
0.033485330951 0.0121163166397
0.0572979574257 0.0516962843296
0.0396460636684 0.0185783521809
0.0465968608166 0.0234248788368
0.0403853908459 0.0177705977383
0.0850018036894 0.100161550889
0.0452525663334 0.0282714054927
0.0440997310942 0.0315024232633
0.0498887120444 0.032310177706
0.0504197013618 0.0363489499192
0.0391625752785 0.0226171243942
0.0375450285675 0.0169628432956
0.0392356440394 0.0226171243942
0.0366101123924 0.0177705977383
0.0407419449626 0.0226171243942
0.0384700166726 0.0218093699515
0.101265415662 0.0823909531502
0.115134773243 0.0823909531502
0.0664693389731 0.0597738287561
0.0692881132401 0.0597738287561
0.102854860615 0.111470113086
0.120294602444 0.1098546042
0.0362352373972 0.0185783521809
0.03797457087 0.0234248788368
0.0430837344441 0.0355411954766
0.0398412699061 0.0242326332795
0.0439984932512 0.0331179321486
0.0538008209596 0.0597738287561
0.0547283711227 0.0597738287561
0.0553069966721 0.0597738287561
0.051770115016 0.0436187399031
0.0467434814613 0.0331179321486
0.0339426154986 0.0145395799677
0.0372244907295 0.0226171243942
0.0418358316759 0.0290791599354
0.0434920612628 0.0306946688207
0.040741121843 0.0274636510501
0.03482715558 0.0153473344103
0.0599272832362 0.0581583198708
0.040733791494 0.0290791599354
0.038359949801 0.0242326332795
0.048158201337 0.0452342487884
0.0444638958288 0.0339256865913
0.0404369497682 0.0274636510501
0.0405566257204 0.0274636510501
0.0409183601149 0.0274636510501
0.0406767516739 0.0274636510501
0.0410398458785 0.0274636510501
0.0433809050761 0.0153473344103
0.0577339949075 0.0605815831987
0.0727757605 0.0912762520194
0.108212063881 0.126817447496
0.0369309337496 0.0145395799677
0.0380019824721 0.016155088853
0.0405007031022 0.0226171243942
0.0407172345856 0.0266558966074
0.0463972800035 0.0379644588045
0.0477101137907 0.0436187399031
0.0386138197046 0.016155088853
0.0433828382001 0.0185783521809
0.044530071204 0.0201938610662
0.0569362254889 0.0420032310178
0.0393943159331 0.0218093699515
0.0487317516006 0.0403877221325
0.0420249633597 0.0145395799677
0.0505824444485 0.0428109854604
0.0366197078669 0.0185783521809
0.0439938222214 0.0242326332795
0.0608155520191 0.0589660743134
0.0347492668404 0.016155088853
0.0442637512419 0.0355411954766
0.0424110341727 0.0355411954766
0.0552618163064 0.0662358642973
0.0559987628481 0.0662358642973
0.0638313577328 0.103392568659
0.0411032706787 0.029886914378
0.0442884038926 0.0371567043619
0.0459103160228 0.0371567043619
0.0556303665128 0.064620355412
0.0644530855416 0.0710823909532
0.0654289533965 0.0710823909532
0.0522031982518 0.0266558966074
0.0429103580691 0.0371567043619
0.0375872353832 0.0234248788368
0.0456252590092 0.0428109854604
0.0455147842961 0.0428109854604
0.0417347858976 0.0331179321486
0.0531993764997 0.0694668820679
0.0573980751251 0.0767366720517
0.0728198705959 0.0864297253635
0.0742760553107 0.09450726979
0.0762355439014 0.0961227786753
0.0900775944606 0.0969305331179
0.0533538399928 0.0387722132472
0.0870641578929 0.101777059774
0.190817493073 0.214862681745
0.217150475505 0.218093699515
0.3850265113 0.344103392569
0.116993473463 0.12197092084
0.204506469514 0.215670436187
0.484908855736 0.487075928918
0.0342915693532 0.0153473344103
0.0352568613506 0.0169628432956
0.0368734051512 0.0210016155089
0.0384098994407 0.0282714054927
0.0402048184516 0.0331179321486
0.040111029521 0.0379644588045
0.0444121265161 0.0500807754443
0.0493801356664 0.0630048465267
0.072730247286 0.064620355412
0.0794086060839 0.064620355412
0.0708423258755 0.114701130856
0.14409754245 0.226978998384
0.170046835472 0.153473344103
0.0353128585519 0.0169628432956
0.0371283921269 0.0201938610662
0.0490895873353 0.0541195476575
0.0371858107894 0.0193861066236
0.0416105466888 0.0193861066236
0.0517050791519 0.0516962843296
0.0375339311338 0.0201938610662
0.038203399994 0.016155088853
0.0388378060039 0.0234248788368
0.0445205801536 0.0347334410339
0.049113982827 0.0428109854604
0.0346547123558 0.0153473344103
0.0356802856293 0.0177705977383
0.0395986602342 0.0250403877221
0.0471244630771 0.0331179321486
0.0480028802213 0.0379644588045
0.0678844644468 0.0799676898223
0.0552734508739 0.0541195476575
0.0629673132066 0.0654281098546
0.110862765971 0.120355411955
0.107254351828 0.147819063005
0.208370762215 0.222132471729
0.414693240019 0.308562197092
0.0536221928071 0.0452342487884
0.120731752191 0.147011308562
0.29915276549 0.183360258481
0.569867945921 0.275444264943
0.587060393128 0.290791599354
0.633272188594 0.742326332795
0.665393835138 0.789983844911
0.0365484904559 0.0193861066236
0.0365623558287 0.0193861066236
0.0367916458709 0.0193861066236
0.036847148822 0.0193861066236
0.0413490014681 0.029886914378
0.0464989238028 0.0403877221325
0.0431241317511 0.0331179321486
0.0457152021364 0.0379644588045
0.0362857707499 0.0201938610662
Average test error: 0.00115819669241
Weights: 
0.771985651458 0.903294037224 0.727563996006 -0.0891739762717 0.0797468533438 1.47696106717 -0.806569013147 -1.01036253355 -0.161463371717 -2.50415909883 -1.05783239671 -1.86150629145 0.0832036762682 -1.64031472302 -1.45613634045 -1.00393040673 0.343241012414 0.373774803316 1.34005017698 0.459346290038 1.57460475548 
Weights: 
0.709744615508 -4.0758012538 1.84484355984 
Biases: 
1.40867379397 2.22799796522 0.824209653235 
Biases: 
-1.55323107785 
____________________________________
Fold 3
Validation Results: 
0.0867202518019 0.160743134087
0.201350060698 0.20436187399
0.173866384277 0.20436187399
0.149590266086 0.20436187399
0.0905146167055 0.10662358643
0.23039089363 0.234248788368
0.319004571275 0.307754442649
0.401072480801 0.307754442649
0.551918527585 0.605008077544
0.686496823317 1.0
0.0384409157818 0.0185783521809
0.0387474880859 0.0193861066236
0.056661247264 0.0565428109855
0.0799191829642 0.09450726979
0.0350438566573 0.0121163166397
0.0518474625071 0.0516962843296
0.0400640738871 0.0185783521809
0.04406115689 0.0234248788368
0.0419006170634 0.0177705977383
0.0722318621241 0.100161550889
0.0467398102475 0.0282714054927
0.0478096417696 0.0315024232633
0.056651416905 0.032310177706
0.0615202614865 0.0363489499192
0.0396456233472 0.0226171243942
0.0414018412729 0.0169628432956
0.040059958557 0.0226171243942
0.0379322054981 0.0177705977383
0.0440910666719 0.0226171243942
0.0391011567632 0.0218093699515
0.0830106964723 0.0823909531502
0.108408767315 0.0823909531502
0.0514674013544 0.0597738287561
0.0555165320094 0.0597738287561
0.0814518316723 0.111470113086
0.111492434415 0.1098546042
0.0410339746115 0.0185783521809
0.0436482968344 0.0234248788368
0.0528724259103 0.0355411954766
0.0430781031503 0.0242326332795
0.0464046948008 0.0331179321486
0.0544067351956 0.0597738287561
0.0564285433449 0.0597738287561
0.0577117883809 0.0597738287561
0.0532363658519 0.0436187399031
0.0501307476934 0.0331179321486
0.0314655262055 0.0145395799677
0.0332307705818 0.0226171243942
0.0419854082379 0.0290791599354
0.0467657008559 0.0306946688207
0.0351593929568 0.0274636510501
0.0329670397522 0.0153473344103
0.0674918461044 0.0581583198708
0.043695718642 0.0290791599354
0.0421719396575 0.0242326332795
0.0510675573541 0.0452342487884
0.0474326248237 0.0339256865913
0.0334342360713 0.0274636510501
0.033571031008 0.0274636510501
0.0339879698139 0.0274636510501
0.0337089118541 0.0274636510501
0.0341291664062 0.0274636510501
0.0416591078218 0.0153473344103
0.0713431911996 0.0605815831987
0.0828457867465 0.0912762520194
0.117082574315 0.126817447496
0.0397263797549 0.0145395799677
0.0407418565823 0.016155088853
0.0448776760276 0.0226171243942
0.0457486208115 0.0266558966074
0.0535807785702 0.0379644588045
0.0600770602058 0.0436187399031
0.040800969146 0.016155088853
0.0409264609023 0.0185783521809
0.0417224533939 0.0201938610662
0.0475829431831 0.0420032310178
0.0433897013377 0.0218093699515
0.0486687862849 0.0403877221325
0.0393471337357 0.0145395799677
0.0576254721983 0.0428109854604
0.0376244313024 0.0185783521809
0.0473225844909 0.0242326332795
0.0678323519985 0.0589660743134
0.037144100926 0.016155088853
0.0386053343219 0.0201938610662
0.043196801707 0.0226171243942
0.0443914308217 0.0234248788368
0.0459398511011 0.0258481421648
0.100358102211 0.141357027464
0.0586237572622 0.046042003231
0.117268819536 0.14620355412
0.137410368926 0.14620355412
0.0445415624997 0.0258481421648
0.0766032098186 0.0662358642973
0.120097901614 0.138126009693
0.379494458538 0.291599353796
0.388630199929 0.282714054927
0.201847955649 0.177705977383
0.107266905475 0.0912762520194
0.0333656702877 0.0121163166397
0.0397466579967 0.0169628432956
0.044928112344 0.0282714054927
0.0288810974433 0.0145395799677
0.0294487490608 0.016155088853
0.0338377689475 0.016155088853
0.0393625734659 0.0226171243942
0.043874589935 0.0363489499192
0.0307954559077 0.0145395799677
0.0304688219811 0.013731825525
0.0320831318462 0.0210016155089
0.032362042672 0.0226171243942
0.0341235953601 0.0226171243942
0.0430222399258 0.0250403877221
0.0424431141566 0.0250403877221
0.047653635692 0.0339256865913
0.0577303605632 0.0613893376414
0.0562343046242 0.0613893376414
0.0402482951995 0.0210016155089
0.0533778711766 0.0476575121163
0.0555577952493 0.0525040387722
0.0708610793742 0.0815831987076
0.0783166257411 0.0936995153473
0.0268296015055 0.0145395799677
0.0272797900353 0.016155088853
0.032230622951 0.016155088853
0.0444878539513 0.0242326332795
0.107233545835 0.226978998384
0.0980310493645 0.153473344103
0.0395752033674 0.0169628432956
0.0411826269405 0.0201938610662
0.0467712682979 0.0541195476575
0.0397599520504 0.0193861066236
0.0416097942007 0.0193861066236
0.0507480037677 0.0516962843296
0.0413253434579 0.0201938610662
0.0405934621169 0.016155088853
0.0438177057509 0.0234248788368
0.0489222523393 0.0347334410339
0.0574701978428 0.0428109854604
0.0368236772545 0.0153473344103
0.0377711429886 0.0177705977383
0.0434198864182 0.0250403877221
0.0463251641239 0.0331179321486
0.0506766476416 0.0379644588045
0.0773994848162 0.0799676898223
0.0593888436005 0.0541195476575
0.0674456156499 0.0654281098546
0.105749993699 0.120355411955
0.12074485628 0.147819063005
0.173160510283 0.222132471729
0.259131597793 0.308562197092
0.054104209827 0.0452342487884
0.0960883546808 0.147011308562
0.121984198413 0.183360258481
0.159121798581 0.275444264943
0.222729545916 0.290791599354
0.590298899408 0.742326332795
0.605072607012 0.789983844911
0.0389199110344 0.0193861066236
0.0393667093692 0.0193861066236
0.0394325759856 0.0193861066236
0.0399777948047 0.0193861066236
0.0464427097057 0.029886914378
0.0475502007072 0.0403877221325
0.049807293525 0.0331179321486
0.0421029736956 0.0379644588045
0.0383970648189 0.0201938610662
Average test error: 0.000854240627558
Weights: 
0.610650291186 -1.10607215399 -1.60358676401 0.326581806207 0.863437067298 -0.693098492483 -3.88003703105 -1.38710196645 1.1993691339 -0.182496163985 0.914222153759 2.17631654706 -0.633219503109 -1.65167933074 -0.348779350834 -0.157407192886 0.799509226808 -0.523862541411 0.1208357354 -0.623833549764 -2.12138395897 
Weights: 
-4.28452489094 0.866595339596 -1.20513654498 
Biases: 
1.63607701474 -0.672450772556 -0.901147177681 
Biases: 
0.415162667679 
____________________________________
Fold 4
Validation Results: 
0.266981672858 0.160743134087
0.195713794856 0.20436187399
0.180938294098 0.20436187399
0.167128966156 0.20436187399
0.080737013265 0.10662358643
0.236147222175 0.234248788368
0.245414428588 0.307754442649
0.288824861879 0.307754442649
0.54244682161 0.605008077544
0.687724341422 1.0
0.0329890151691 0.0185783521809
0.0352995292972 0.0193861066236
0.0646521524266 0.0565428109855
0.0944495527539 0.09450726979
0.0286176320341 0.0121163166397
0.0647183120973 0.0516962843296
0.0346885964263 0.0185783521809
0.0418196596658 0.0234248788368
0.0342277136033 0.0177705977383
0.119588409082 0.100161550889
0.0447521899073 0.0282714054927
0.0412872160346 0.0315024232633
0.059168913541 0.032310177706
0.0611303726403 0.0363489499192
0.038468891879 0.0226171243942
0.0347898074 0.0169628432956
0.0376116901431 0.0226171243942
0.0332925217928 0.0177705977383
0.0399686222136 0.0226171243942
0.0365470937067 0.0218093699515
0.104369875564 0.0823909531502
0.123867292969 0.0823909531502
0.0546958055865 0.0597738287561
0.0580487315639 0.0597738287561
0.0927231595993 0.111470113086
0.112227488526 0.1098546042
0.033286401033 0.0185783521809
0.0366521672983 0.0234248788368
0.0460139742367 0.0355411954766
0.0358943540375 0.0242326332795
0.0423012847256 0.0331179321486
0.0573128588654 0.0597738287561
0.0590742316773 0.0597738287561
0.0599968828254 0.0597738287561
0.05510305972 0.0436187399031
0.0475277244706 0.0331179321486
0.0293859273669 0.0145395799677
0.0334431321688 0.0226171243942
0.0415490359319 0.0290791599354
0.0455466660641 0.0306946688207
0.0376453495792 0.0274636510501
0.0303089804261 0.0153473344103
0.0715917006131 0.0581583198708
0.0399743334743 0.0290791599354
0.0369240512157 0.0242326332795
0.0528523854747 0.0452342487884
0.0461756814487 0.0339256865913
0.0374142631282 0.0274636510501
0.0375605493393 0.0274636510501
0.0380031111579 0.0274636510501
0.0377074513409 0.0274636510501
0.0381518731989 0.0274636510501
0.0335724261634 0.0153473344103
0.0872197912743 0.0605815831987
0.115583928022 0.0912762520194
0.182132901985 0.126817447496
0.0314303579349 0.0145395799677
0.0330748737026 0.016155088853
0.0397018422514 0.0226171243942
0.0398995567799 0.0266558966074
0.0508150638216 0.0379644588045
0.0606211499068 0.0436187399031
0.0359844761587 0.016155088853
0.0371394430805 0.0185783521809
0.0388023501853 0.0201938610662
0.0546639058918 0.0420032310178
0.0414424571538 0.0218093699515
0.0571441295542 0.0403877221325
0.0352155255435 0.0145395799677
0.0643718706546 0.0428109854604
0.0319835416618 0.0185783521809
0.0547333765483 0.0242326332795
0.118252300674 0.0589660743134
0.0306702689776 0.016155088853
0.0337427474693 0.0201938610662
0.0347484917349 0.0226171243942
0.0357046688167 0.0234248788368
0.0409114892874 0.0258481421648
0.150041021865 0.141357027464
0.0718896009632 0.046042003231
0.186789699065 0.14620355412
0.201514914532 0.14620355412
0.0399104719606 0.0258481421648
0.0681376423029 0.0662358642973
0.143870092154 0.138126009693
0.2696015758 0.291599353796
0.280390705088 0.282714054927
0.166645217101 0.177705977383
0.0767834976296 0.0912762520194
0.0280490027912 0.0121163166397
0.032084937275 0.0169628432956
0.0422875083132 0.0282714054927
0.0287613895991 0.0145395799677
0.0296274430473 0.016155088853
0.029988893236 0.016155088853
0.0336368493669 0.0226171243942
0.0390415470707 0.0363489499192
0.028662386836 0.0145395799677
0.0286331267265 0.013731825525
0.0328932158431 0.0210016155089
0.033746598864 0.0226171243942
0.0339706750263 0.0226171243942
0.0366215549859 0.0250403877221
0.0362066661489 0.0250403877221
0.0440478365777 0.0339256865913
0.0647488819872 0.0613893376414
0.0635273140215 0.0613893376414
0.0344643794262 0.0210016155089
0.0508553022908 0.0476575121163
0.0541769199924 0.0525040387722
0.0664223444615 0.0815831987076
0.0794273607662 0.0936995153473
0.0291321022478 0.0145395799677
0.0305074228683 0.016155088853
0.0300692113211 0.016155088853
0.03488525437 0.0242326332795
0.0433987410571 0.0355411954766
0.0450210950629 0.0355411954766
0.0671825043122 0.0662358642973
0.0684895017555 0.0662358642973
0.0887361496571 0.103392568659
0.0395727201854 0.029886914378
0.0453732945082 0.0371567043619
0.0455369364425 0.0371567043619
0.063757739239 0.064620355412
0.0671511512069 0.0710823909532
0.0685918697146 0.0710823909532
0.0793986413071 0.0266558966074
0.0450891634497 0.0371567043619
0.036192535315 0.0234248788368
0.0510786890146 0.0428109854604
0.0508825362258 0.0428109854604
0.0434931045043 0.0331179321486
0.0642048541507 0.0694668820679
0.0721885818616 0.0767366720517
0.080491687769 0.0864297253635
0.0837073201041 0.09450726979
0.0878416919854 0.0961227786753
0.0948481244285 0.0969305331179
0.050091059292 0.0387722132472
0.0943520441415 0.101777059774
0.212768245402 0.214862681745
0.243654977807 0.218093699515
0.351535337786 0.344103392569
0.130622487484 0.12197092084
0.228815491336 0.215670436187
0.430258553485 0.487075928918
0.0300804865581 0.0153473344103
0.0319124619348 0.0169628432956
0.0346905014625 0.0210016155089
0.0381538271402 0.0282714054927
0.0412736164871 0.0331179321486
0.0421960653926 0.0379644588045
0.0496470806383 0.0500807754443
0.0580123884431 0.0630048465267
0.0539006666461 0.064620355412
0.0610325210527 0.064620355412
0.0861521658808 0.114701130856
Average test error: 0.000494878489557
Weights: 
0.484031675658 0.383730389619 1.06835984632 -0.235290964109 0.157157831714 1.23124380804 1.47738202563 1.19307247977 0.137789705541 -1.12655581608 -1.47701886823 -0.134537290257 -1.00011520322 -0.240009857046 -0.218021275396 0.150285811045 -1.68549884498 -0.972216165664 0.775316983546 -0.0900995948044 -1.73353544145 
Weights: 
2.54866645538 -1.95720720965 -3.11627969274 
Biases: 
-0.794976383995 0.294079661618 0.652167973465 
Biases: 
-1.15781310739 
____________________________________
