Epoch 0
Trained 508181 on this fold
Trained 167 on this fold
Trained 167 on this fold
Trained 168 on this fold
Validation Results: 
0.0632749297532 0.0597738287561
0.063111795984 0.0597738287561
0.0439825150094 0.0436187399031
0.0352407823396 0.0331179321486
0.00975938428981 0.0145395799677
0.0116971490516 0.0226171243942
0.0256129525682 0.0290791599354
0.0310287518473 0.0306946688207
0.015056753733 0.0274636510501
0.0111812009306 0.0153473344103
0.0543400470644 0.0581583198708
0.0299552560432 0.0290791599354
0.0303513664048 0.0242326332795
0.0467653730303 0.0452342487884
0.0320043655105 0.0339256865913
0.0133696366095 0.0274636510501
0.0133645221121 0.0274636510501
0.0133492622373 0.0274636510501
0.0133594215243 0.0274636510501
0.0133442036183 0.0274636510501
0.0228214607195 0.0153473344103
0.0581750773578 0.0605815831987
0.0882486877516 0.0912762520194
0.122350297582 0.126817447496
0.0233959554439 0.0145395799677
0.0241764596255 0.016155088853
0.0285115533078 0.0226171243942
0.0310896069158 0.0266558966074
0.0405724234456 0.0379644588045
0.0441368172992 0.0436187399031
0.0224922310178 0.016155088853
0.0204381595531 0.0185783521809
0.0212143664462 0.0201938610662
0.0348371997576 0.0420032310178
0.0220816934329 0.0218093699515
0.034022978382 0.0403877221325
0.0183729057475 0.0145395799677
0.0410673422038 0.0428109854604
0.0192531957469 0.0185783521809
0.0245367849833 0.0242326332795
0.052066750531 0.0589660743134
0.0181847846336 0.016155088853
0.0203643857318 0.0201938610662
0.0274715853463 0.0226171243942
0.0275023254223 0.0234248788368
0.0295736837111 0.0258481421648
0.140608062938 0.141357027464
0.0455424262221 0.046042003231
0.148402172223 0.14620355412
0.146678537202 0.14620355412
0.0296828572579 0.0258481421648
0.0644158021538 0.0662358642973
0.137281479693 0.138126009693
0.300146414269 0.291599353796
0.288809146622 0.282714054927
0.167166668863 0.177705977383
0.0785113905049 0.0912762520194
0.0134297677156 0.0121163166397
0.0216113574643 0.0169628432956
0.0330586261444 0.0282714054927
0.00734696446028 0.0145395799677
0.00755804746217 0.016155088853
0.0128178684543 0.016155088853
0.0190925387039 0.0226171243942
0.0256166794787 0.0363489499192
0.00887008234893 0.0145395799677
0.0087220777517 0.013731825525
0.0103520108833 0.0210016155089
0.0105727146152 0.0226171243942
0.0105263748702 0.0226171243942
0.0256603924858 0.0250403877221
0.0257023813508 0.0250403877221
0.0339148161435 0.0339256865913
0.0544650249177 0.0613893376414
0.0550360445086 0.0613893376414
0.0237801690452 0.0210016155089
0.0524786289517 0.0476575121163
0.055236252728 0.0525040387722
0.0717561489504 0.0815831987076
0.0823445981812 0.0936995153473
0.00530856290117 0.0145395799677
0.00548872098737 0.016155088853
0.0101909080707 0.016155088853
0.0311837858488 0.0242326332795
0.0409310614023 0.0355411954766
0.0406891226934 0.0355411954766
0.0692943065297 0.0662358642973
0.0690638175004 0.0662358642973
0.098998408856 0.103392568659
0.0349752081704 0.029886914378
0.0408864588708 0.0371567043619
0.0408576369654 0.0371567043619
0.0661894715682 0.064620355412
0.0715453247615 0.0710823909532
0.0713040609083 0.0710823909532
0.0316010362613 0.0266558966074
0.0389831208445 0.0371567043619
0.0286448634333 0.0234248788368
0.0447914230781 0.0428109854604
0.0448206823752 0.0428109854604
0.0374086470805 0.0331179321486
0.068893767318 0.0694668820679
0.0770942200456 0.0767366720517
0.0881636045489 0.0864297253635
0.0943253541133 0.09450726979
0.0953744481553 0.0961227786753
0.0934567457796 0.0969305331179
0.0413903529984 0.0387722132472
0.092639825064 0.101777059774
0.218833424567 0.214862681745
0.218249670052 0.218093699515
0.370079303541 0.344103392569
0.117911503675 0.12197092084
0.218289517599 0.215670436187
0.478800852423 0.487075928918
0.0232203219012 0.0153473344103
0.0255774413752 0.0169628432956
0.0297104082991 0.0210016155089
0.0347132239942 0.0282714054927
0.0387820251995 0.0331179321486
0.0419680662268 0.0379644588045
0.0521690482815 0.0500807754443
0.0646356802797 0.0630048465267
0.056298551868 0.064620355412
0.0554346599229 0.064620355412
0.111690263605 0.114701130856
0.239593901148 0.226978998384
0.143117764961 0.153473344103
0.0215880566348 0.0169628432956
0.0241421326467 0.0201938610662
0.0475579912709 0.0541195476575
0.0222424268332 0.0193861066236
0.0221310915329 0.0193861066236
0.0438984830568 0.0516962843296
0.0253828201625 0.0201938610662
0.0228423777675 0.016155088853
0.0272925729757 0.0234248788368
0.0356893288861 0.0347334410339
0.0405714093107 0.0428109854604
0.0201328805237 0.0153473344103
0.0213030918001 0.0177705977383
0.0305939578586 0.0250403877221
0.0365885040976 0.0331179321486
0.0403761175501 0.0379644588045
0.0782556783007 0.0799676898223
0.0537917278202 0.0541195476575
0.0634222386227 0.0654281098546
0.112157836537 0.120355411955
0.139047197659 0.147819063005
0.222306517336 0.222132471729
0.298018357688 0.308562197092
0.0451837177389 0.0452342487884
0.15398776978 0.147011308562
0.184970625354 0.183360258481
0.274883456112 0.275444264943
0.299684441955 0.290791599354
0.72204725557 0.742326332795
0.809281632873 0.789983844911
0.024160896624 0.0193861066236
0.0243950541674 0.0193861066236
0.0241204412882 0.0193861066236
0.0243474222171 0.0193861066236
0.0336217357608 0.029886914378
0.0430931947189 0.0403877221325
0.0352850562543 0.0331179321486
0.0241828104395 0.0379644588045
0.0164668605436 0.0201938610662
Average test error: 0.0051292195613
Weights: 
-0.260498734484 -1.01526305223 -1.72425872861 -0.88927568588 0.852242295837 0.141923693477 -1.10674685444 1.47786688359 -0.586976782483 -1.97860841505 -0.940930688117 -0.205340006237 -0.208758378076 0.555274484524 0.374927246554 1.99821061858 0.498978537131 -0.188954327016 0.532011660033 0.756973728276 2.53419378283 
Weights: 
-1.72497411975 -6.31078972102 4.24994129366 
Biases: 
-0.720855229823 0.375413099193 -4.70801486249 
Biases: 
0.582600951189 
____________________________________
Epoch 1
Trained 27555 on this fold
Trained 839175 on this fold
Trained 167 on this fold
Trained 168 on this fold
Validation Results: 
0.170411834238 0.160743134087
0.194535287376 0.20436187399
0.191816064219 0.20436187399
0.189291478236 0.20436187399
0.0936533312797 0.10662358643
0.219196565533 0.234248788368
0.30353202459 0.307754442649
0.315983267374 0.307754442649
0.609926961063 0.605008077544
0.948244210098 1.0
0.0184119037177 0.0185783521809
0.0196793927322 0.0193861066236
0.0562059435234 0.0565428109855
0.0951163309111 0.09450726979
0.0146411521886 0.0121163166397
0.0546883467556 0.0516962843296
0.0208585435796 0.0185783521809
0.0259603664466 0.0234248788368
0.0200679894211 0.0177705977383
0.0936300194546 0.100161550889
0.0283893070474 0.0282714054927
0.029177665205 0.0315024232633
0.0288925063482 0.032310177706
0.0299609623668 0.0363489499192
0.023653445133 0.0226171243942
0.0181103328089 0.0169628432956
0.0238081453432 0.0226171243942
0.0194877680958 0.0177705977383
0.022990314509 0.0226171243942
0.0228065362661 0.0218093699515
0.0765087417576 0.0823909531502
0.0777524124157 0.0823909531502
0.0593764480144 0.0597738287561
0.0596243661728 0.0597738287561
0.113960477491 0.111470113086
0.115823846585 0.1098546042
0.0210404670383 0.0185783521809
0.024944560703 0.0234248788368
0.0350247356623 0.0355411954766
0.0257675448725 0.0242326332795
0.0353120170161 0.0331179321486
0.0631841210585 0.0597738287561
0.0211343998707 0.0201938610662
0.0233591300741 0.0226171243942
0.0237486197886 0.0234248788368
0.0241975020687 0.0258481421648
0.143991438264 0.141357027464
0.0409647331776 0.046042003231
0.14998455323 0.14620355412
0.151788971572 0.14620355412
0.0241665962272 0.0258481421648
0.0658352503791 0.0662358642973
0.147592945441 0.138126009693
0.307313909765 0.291599353796
0.297155523424 0.282714054927
0.171379382513 0.177705977383
0.0759424182403 0.0912762520194
0.0144677770385 0.0121163166397
0.0183977110248 0.0169628432956
0.0302892266058 0.0282714054927
0.0127053821635 0.0145395799677
0.0132395358105 0.016155088853
0.0156994108643 0.016155088853
0.0202575709294 0.0226171243942
0.0287551913257 0.0363489499192
0.0131068315221 0.0145395799677
0.0130295975139 0.013731825525
0.0171660329516 0.0210016155089
0.0178059673627 0.0226171243942
0.0172758850149 0.0226171243942
0.024235582053 0.0250403877221
0.0242242121736 0.0250403877221
0.032843356726 0.0339256865913
0.0616551563581 0.0613893376414
0.0617151995351 0.0613893376414
0.0225135925438 0.0210016155089
0.0476336655554 0.0476575121163
0.0523760671425 0.0525040387722
0.0703159723094 0.0815831987076
0.083282391217 0.0936995153473
0.0107216837304 0.0145395799677
0.0115503556853 0.016155088853
0.0143958122749 0.016155088853
0.0243554806888 0.0242326332795
0.0360139507603 0.0355411954766
0.0349519242618 0.0355411954766
0.0693540882482 0.0662358642973
0.0694604747924 0.0662358642973
0.0947000428007 0.103392568659
0.031545275687 0.029886914378
0.0389915755999 0.0371567043619
0.0396111318281 0.0371567043619
0.0651889329612 0.064620355412
0.073548552846 0.0710823909532
0.0736721603322 0.0710823909532
0.0235201844397 0.0266558966074
0.0363698734021 0.0371567043619
0.0233251671139 0.0234248788368
0.0422305058875 0.0428109854604
0.0422205867165 0.0428109854604
0.0330241111916 0.0331179321486
0.0675185743646 0.0694668820679
0.0762357811133 0.0767366720517
0.0926560282747 0.0864297253635
0.0971085663063 0.09450726979
0.0979814919776 0.0961227786753
0.100708357304 0.0969305331179
0.0402842534525 0.0387722132472
0.0946195581357 0.101777059774
0.211766622475 0.214862681745
0.218330941183 0.218093699515
0.373625217507 0.344103392569
0.126477383479 0.12197092084
0.21506119117 0.215670436187
0.48272119445 0.487075928918
0.0176570034638 0.0153473344103
0.0193611341791 0.0169628432956
0.0230561347216 0.0210016155089
0.0275586743492 0.0282714054927
0.032297794119 0.0331179321486
0.0336370202066 0.0379644588045
0.0456645758696 0.0500807754443
0.0604069165122 0.0630048465267
0.0560652375604 0.064620355412
0.0565802444144 0.064620355412
0.107395886426 0.114701130856
0.210337758439 0.226978998384
0.150944668556 0.153473344103
0.0184570088691 0.0169628432956
0.0216506187145 0.0201938610662
0.0520222229413 0.0541195476575
0.0209728700916 0.0193861066236
0.0220794665718 0.0193861066236
0.052471813031 0.0516962843296
0.0222541682245 0.0201938610662
0.0195589984252 0.016155088853
0.023624767046 0.0234248788368
0.0348744315983 0.0347334410339
0.041055789705 0.0428109854604
0.0178659865402 0.0153473344103
0.0193332444969 0.0177705977383
0.0255285866565 0.0250403877221
0.03369699675 0.0331179321486
0.0381917367722 0.0379644588045
0.0799799896451 0.0799676898223
0.05230685509 0.0541195476575
0.0637399461232 0.0654281098546
0.118275586326 0.120355411955
0.13951565685 0.147819063005
0.212399356062 0.222132471729
0.280906780413 0.308562197092
0.0441853090686 0.0452342487884
0.150340144695 0.147011308562
0.187961235093 0.183360258481
0.268221093182 0.275444264943
0.293882137741 0.290791599354
0.72997542061 0.742326332795
0.792038999903 0.789983844911
0.0215603567227 0.0193861066236
0.0216517329631 0.0193861066236
0.0215702767146 0.0193861066236
0.0216634928958 0.0193861066236
0.0307604404619 0.029886914378
0.0418422036349 0.0403877221325
0.0317816844314 0.0331179321486
0.0343913014084 0.0379644588045
0.0190285869056 0.0201938610662
Average test error: 0.00396249487252
Weights: 
1.81389841629 -0.835622200358 -1.33287839124 -0.270396695069 0.28897089556 -0.764545090112 -1.17477399331 -0.595083514692 1.81008454071 1.09063821298 0.694921305856 0.412176102459 0.310652691929 -0.0662302048494 0.325687311725 -0.122915841567 -4.57562854165 -2.12555978663 -0.789234523198 0.235268443949 0.0383590350156 
Weights: 
-3.96279020293 5.08477104925 -4.28280619647 
Biases: 
3.32064982091 -3.38425126105 0.208576042515 
Biases: 
1.94029597902 
____________________________________
Epoch 2
Trained 51937 on this fold
Trained 655976 on this fold
Trained 167 on this fold
Trained 168 on this fold
Validation Results: 
0.154772212507 0.160743134087
0.195592889546 0.20436187399
0.197216269312 0.20436187399
0.199073059792 0.20436187399
0.104375246257 0.10662358643
0.216241820499 0.234248788368
0.301803509287 0.307754442649
0.304444370733 0.307754442649
0.610979699596 0.605008077544
0.949224629885 1.0
0.0186016594607 0.0185783521809
0.0196438162385 0.0193861066236
0.0549889126064 0.0565428109855
0.0949698690741 0.09450726979
0.0145651349958 0.0121163166397
0.0523818384691 0.0516962843296
0.0212089771037 0.0185783521809
0.02706565012 0.0234248788368
0.020823727122 0.0177705977383
0.101194885421 0.100161550889
0.0301790275988 0.0282714054927
0.0320995768529 0.0315024232633
0.0342830304379 0.032310177706
0.0362084104914 0.0363489499192
0.022909829806 0.0226171243942
0.017901672842 0.0169628432956
0.0227679150829 0.0226171243942
0.0189465546622 0.0177705977383
0.0222748850192 0.0226171243942
0.0220122370258 0.0218093699515
0.0752514591417 0.0823909531502
0.0754932426747 0.0823909531502
0.0624365482511 0.0597738287561
0.0622067899852 0.0597738287561
0.1201834231 0.111470113086
0.117684042213 0.1098546042
0.0200969932405 0.0185783521809
0.0240006647658 0.0234248788368
0.0338927962775 0.0355411954766
0.025002431046 0.0242326332795
0.0333070195481 0.0331179321486
0.0604500389696 0.0597738287561
0.0603964617908 0.0597738287561
0.06031627987 0.0597738287561
0.0434527572792 0.0436187399031
0.033093974576 0.0331179321486
0.0148025816766 0.0145395799677
0.0192807665327 0.0226171243942
0.0275815739593 0.0290791599354
0.0298053790102 0.0306946688207
0.0235817051375 0.0274636510501
0.0153961132221 0.0153473344103
0.0561235417179 0.0581583198708
0.0281915483736 0.0290791599354
0.0252560221598 0.0242326332795
0.0441449585028 0.0452342487884
0.0323678375604 0.0339256865913
0.0229922234524 0.0274636510501
0.0229926949182 0.0274636510501
0.0229942708797 0.0274636510501
0.0229931932937 0.0274636510501
0.0229948501438 0.0274636510501
0.0203148519251 0.0153473344103
0.0565463579574 0.0605815831987
0.0869647889857 0.0912762520194
0.119355325334 0.126817447496
0.0178224204339 0.0145395799677
0.0190729194301 0.016155088853
0.0237625553933 0.0226171243942
0.0268786484454 0.0266558966074
0.0362591401259 0.0379644588045
0.0402120591862 0.0436187399031
0.0193256577629 0.016155088853
0.0219818967978 0.0185783521809
0.0232494487613 0.0201938610662
0.0428191030468 0.0420032310178
0.0220875124629 0.0218093699515
0.0382863382522 0.0403877221325
0.0192143803794 0.0145395799677
0.0410259826744 0.0428109854604
0.019440821857 0.0185783521809
0.0266664762235 0.0242326332795
0.0604091246827 0.0589660743134
0.0176480928756 0.016155088853
0.0353845412455 0.0355411954766
0.0339998490241 0.0355411954766
0.0658691874032 0.0662358642973
0.0657574894643 0.0662358642973
0.103935619695 0.103392568659
0.0299608802958 0.029886914378
0.0372201267617 0.0371567043619
0.0379107655099 0.0371567043619
0.063074631746 0.064620355412
0.0720361091943 0.0710823909532
0.0719040880745 0.0710823909532
0.0325084815792 0.0266558966074
0.0356018409535 0.0371567043619
0.023591869723 0.0234248788368
0.0414785230454 0.0428109854604
0.0414864230591 0.0428109854604
0.0323483988946 0.0331179321486
0.0685167211267 0.0694668820679
0.0770380280384 0.0767366720517
0.0911257182217 0.0864297253635
0.099691945858 0.09450726979
0.0998011635585 0.0961227786753
0.102293358192 0.0969305331179
0.0398839810119 0.0387722132472
0.102584206827 0.101777059774
0.216410633387 0.214862681745
0.214355077591 0.218093699515
0.361201150944 0.344103392569
0.123770317417 0.12197092084
0.215123164883 0.215670436187
0.487143657476 0.487075928918
0.0175308698436 0.0153473344103
0.0190866830341 0.0169628432956
0.0222662527403 0.0210016155089
0.0274755661796 0.0282714054927
0.0317396607584 0.0331179321486
0.0357689466516 0.0379644588045
0.0472142505978 0.0500807754443
0.0613913413259 0.0630048465267
0.0634156527754 0.064620355412
0.0630777971699 0.064620355412
0.119250607099 0.114701130856
0.228957839609 0.226978998384
0.148796839235 0.153473344103
0.0182882753906 0.0169628432956
0.0212262003999 0.0201938610662
0.0521668166582 0.0541195476575
0.0204712274192 0.0193861066236
0.0217524344858 0.0193861066236
0.0488564436409 0.0516962843296
0.0213072683808 0.0201938610662
0.0193399508146 0.016155088853
0.0236722535783 0.0234248788368
0.0337791318396 0.0347334410339
0.0409369647685 0.0428109854604
0.0176897984755 0.0153473344103
0.0190937214113 0.0177705977383
0.0262722167988 0.0250403877221
0.0351060291701 0.0331179321486
0.0385600290355 0.0379644588045
0.0804761147132 0.0799676898223
0.0546232861478 0.0541195476575
0.0659848472969 0.0654281098546
0.127346856097 0.120355411955
0.14885389197 0.147819063005
0.224710902476 0.222132471729
0.284282497097 0.308562197092
0.0459100265797 0.0452342487884
0.152121077426 0.147011308562
0.187325277202 0.183360258481
0.271020285658 0.275444264943
0.300526040992 0.290791599354
0.723879124765 0.742326332795
0.813842855868 0.789983844911
0.0204036025542 0.0193861066236
0.0207071949774 0.0193861066236
0.0203987677364 0.0193861066236
0.0207013405683 0.0193861066236
0.0292065322013 0.029886914378
0.0400176741889 0.0403877221325
0.0319603356054 0.0331179321486
0.0328602009291 0.0379644588045
0.0190742624727 0.0201938610662
Average test error: 0.00306575487548
Weights: 
0.0241999983557 -1.31767598122 -3.75789660388 -2.18758770504 -0.992143383856 -0.591640046982 -0.298677593733 0.884614910599 -1.19544978722 -1.88456159947 -0.471187374449 -0.112320223751 0.554436580115 0.941749357795 -0.342451285282 1.26444313527 1.10651934333 0.923175123971 0.633117342458 1.24161224939 2.10870625937 
Weights: 
-4.07718632911 -3.35465258271 4.55414460865 
Biases: 
0.215802784889 1.63526734805 -4.85441789134 
Biases: 
0.873657259757 
____________________________________
Epoch 3
Trained 43754 on this fold
Trained 466097 on this fold
Trained 167 on this fold
Trained 168 on this fold
Validation Results: 
0.15746778954 0.160743134087
0.195445820926 0.20436187399
0.192506698654 0.20436187399
0.189738901471 0.20436187399
0.0942981043613 0.10662358643
0.223860572812 0.234248788368
0.292655688634 0.307754442649
0.308530307424 0.307754442649
0.605543684048 0.605008077544
0.948533880713 1.0
0.015458389163 0.0185783521809
0.0162836501023 0.0193861066236
0.0615365288977 0.0565428109855
0.100635872223 0.09450726979
0.0133895386259 0.0121163166397
0.0483433833264 0.0516962843296
0.0214393914142 0.0185783521809
0.0256593632037 0.0234248788368
0.021139105063 0.0177705977383
0.0993190937746 0.100161550889
0.0294916863316 0.0282714054927
0.0302793281286 0.0315024232633
0.0322508103799 0.032310177706
0.0352870545945 0.0363489499192
0.0206568354181 0.0226171243942
0.0166619184335 0.0169628432956
0.0205341216276 0.0226171243942
0.0174350876284 0.0177705977383
0.02021736688 0.0226171243942
0.0198873295745 0.0218093699515
0.0760465219619 0.0823909531502
0.0779369844745 0.0823909531502
0.0544482543048 0.0597738287561
0.0548523389781 0.0597738287561
0.104645029201 0.111470113086
0.106435354771 0.1098546042
0.0256150831574 0.0185783521809
0.0297748785105 0.0234248788368
0.0400040199587 0.0355411954766
0.0292927268269 0.0242326332795
0.0377492372299 0.0331179321486
0.0626278531559 0.0597738287561
0.0629726272142 0.0597738287561
0.0630804923406 0.0597738287561
0.0440901307845 0.0436187399031
0.0344379080531 0.0331179321486
0.00817028698315 0.0145395799677
0.0100036296773 0.0226171243942
0.0242631067829 0.0290791599354
0.0304097655155 0.0306946688207
0.0134005380019 0.0274636510501
0.00949311145281 0.0153473344103
0.0582697120712 0.0581583198708
0.0284073433666 0.0290791599354
0.0287547796823 0.0242326332795
0.0473867314211 0.0452342487884
0.0315729513406 0.0339256865913
0.0117079676218 0.0274636510501
0.0117116190838 0.0274636510501
0.0117225866655 0.0274636510501
0.0117152727428 0.0274636510501
0.0117262469361 0.0274636510501
0.0197174204513 0.0153473344103
0.0650474697004 0.0605815831987
0.0979830344374 0.0912762520194
0.140277942628 0.126817447496
0.0208972490678 0.0145395799677
0.0218241840962 0.016155088853
0.0263715194389 0.0226171243942
0.0289438611012 0.0266558966074
0.0398493500524 0.0379644588045
0.0438107982303 0.0436187399031
0.0201232628548 0.016155088853
0.0177527370808 0.0185783521809
0.0186743433707 0.0201938610662
0.0333427303482 0.0420032310178
0.0203535680202 0.0218093699515
0.0342084447812 0.0403877221325
0.0157961764022 0.0145395799677
0.0425218327209 0.0428109854604
0.0169647222111 0.0185783521809
0.0222842341599 0.0242326332795
0.0518700119102 0.0589660743134
0.0160096893522 0.016155088853
0.0180060791388 0.0201938610662
0.0248700793 0.0226171243942
0.0248529016569 0.0234248788368
0.0279254758933 0.0258481421648
0.142818523733 0.141357027464
0.047323056088 0.046042003231
0.151460976983 0.14620355412
0.153235371226 0.14620355412
0.0278488887481 0.0258481421648
0.064356020317 0.0662358642973
0.139820893282 0.138126009693
0.297194735879 0.291599353796
0.29195131717 0.282714054927
0.168173306276 0.177705977383
0.0775284677245 0.0912762520194
0.0114756775862 0.0121163166397
0.0194355845257 0.0169628432956
0.0322703201102 0.0282714054927
0.00600152691264 0.0145395799677
0.00619328695252 0.016155088853
0.0109478748731 0.016155088853
0.016970430238 0.0226171243942
0.0232575898227 0.0363489499192
0.00730747066549 0.0145395799677
0.00719308781243 0.013731825525
0.00874371092192 0.0210016155089
0.00898185681478 0.0226171243942
0.00873995594077 0.0226171243942
0.0233720677932 0.0250403877221
0.0233445017586 0.0250403877221
0.0327966665232 0.0339256865913
0.0562599407952 0.0613893376414
0.056543971255 0.0613893376414
0.0214034302505 0.0210016155089
0.0523722329311 0.0476575121163
0.0551792005875 0.0525040387722
0.0710362029913 0.0815831987076
0.0842180668524 0.0936995153473
0.00425718921577 0.0145395799677
0.00442010055225 0.016155088853
0.00860190579833 0.016155088853
0.0285434203809 0.0242326332795
0.220828411461 0.226978998384
0.146422957683 0.153473344103
0.0194063860584 0.0169628432956
0.0221415029214 0.0201938610662
0.0491588002151 0.0541195476575
0.020287252171 0.0193861066236
0.0199140324797 0.0193861066236
0.0443295170176 0.0516962843296
0.0235428516741 0.0201938610662
0.0205386781478 0.016155088853
0.0257411540829 0.0234248788368
0.0356097206349 0.0347334410339
0.0422262180368 0.0428109854604
0.0179588711123 0.0153473344103
0.0192222712526 0.0177705977383
0.028111441936 0.0250403877221
0.0340593420943 0.0331179321486
0.0391999929649 0.0379644588045
0.0812282839467 0.0799676898223
0.0515134974071 0.0541195476575
0.0638818457953 0.0654281098546
0.112959807182 0.120355411955
0.137251913957 0.147819063005
0.211282034576 0.222132471729
0.28957783342 0.308562197092
0.0451703648567 0.0452342487884
0.149571635954 0.147011308562
0.174646102989 0.183360258481
0.268602154666 0.275444264943
0.301681885116 0.290791599354
0.724900835089 0.742326332795
0.800831525699 0.789983844911
0.0220898889312 0.0193861066236
0.0223000179982 0.0193861066236
0.0221154297323 0.0193861066236
0.0223301814404 0.0193861066236
0.0324312355932 0.029886914378
0.043218697052 0.0403877221325
0.0339096138289 0.0331179321486
0.0239653880211 0.0379644588045
0.0147454505808 0.0201938610662
Average test error: 0.00542097439588
Weights: 
1.88489680448 -1.57381441854 -1.42678032426 -0.605137038525 -0.531685661454 -0.717478171062 -0.930563335183 -1.89692927577 0.518305566195 3.20070572692 1.76882113153 -0.549510969131 0.880313074014 0.0700140601138 0.537912845537 -1.45631968146 -2.05859389882 -0.699906056281 -0.282849635508 1.61185689163 -0.204846726813 
Weights: 
-6.25312177213 4.18315665321 -2.28051458391 
Biases: 
4.15022831461 -0.207514331652 -1.37532109412 
Biases: 
0.957497648054 
____________________________________
Epoch 4
Trained 48931 on this fold
Trained 499998 on this fold
Trained 167 on this fold
Trained 167 on this fold
Validation Results: 
0.166121815044 0.160743134087
0.192985844561 0.20436187399
0.192063649858 0.20436187399
0.191118905715 0.20436187399
0.0927320929041 0.10662358643
0.22342512541 0.234248788368
0.297842964248 0.307754442649
0.312463027802 0.307754442649
0.608732835157 0.605008077544
0.949484756502 1.0
0.0181731110044 0.0185783521809
0.0189930663629 0.0193861066236
0.0590520183282 0.0565428109855
0.0968366670163 0.09450726979
0.0160813805476 0.0121163166397
0.0501463884061 0.0516962843296
0.0238537694359 0.0185783521809
0.0279708913978 0.0234248788368
0.023366819265 0.0177705977383
0.0912240277921 0.100161550889
0.0311042689028 0.0282714054927
0.0322470392748 0.0315024232633
0.0322186696035 0.032310177706
0.0342550279812 0.0363489499192
0.0234230732645 0.0226171243942
0.0187379270074 0.0169628432956
0.0233109963302 0.0226171243942
0.0201592635259 0.0177705977383
0.022236794831 0.0226171243942
0.0227038998326 0.0218093699515
0.066893656659 0.0823909531502
0.0639965121975 0.0823909531502
0.0580139858676 0.0597738287561
0.0572003955353 0.0597738287561
0.10753728081 0.111470113086
0.104162702816 0.1098546042
0.027018838169 0.0185783521809
0.0308160851616 0.0234248788368
0.0396058930489 0.0355411954766
0.0309725419937 0.0242326332795
0.0392318206831 0.0331179321486
0.0646953614146 0.0597738287561
0.0643806949456 0.0597738287561
0.0641488876728 0.0597738287561
0.0448842356341 0.0436187399031
0.0352680979829 0.0331179321486
0.0108568529041 0.0145395799677
0.0131896922485 0.0226171243942
0.0271497399435 0.0290791599354
0.0318415526171 0.0306946688207
0.0172125051927 0.0274636510501
0.0123147733175 0.0153473344103
0.056951775529 0.0581583198708
0.030799690786 0.0290791599354
0.0304864972314 0.0242326332795
0.0484297984693 0.0452342487884
0.0332545824587 0.0339256865913
0.0155144816746 0.0274636510501
0.0154962642363 0.0274636510501
0.0154419810192 0.0274636510501
0.0154781083931 0.0274636510501
0.0154240092522 0.0274636510501
0.0222555017593 0.0153473344103
0.0571972037977 0.0605815831987
0.0895885345641 0.0912762520194
0.1290137144 0.126817447496
0.0229104010792 0.0145395799677
0.0237751412207 0.016155088853
0.0275696574576 0.0226171243942
0.0301136798004 0.0266558966074
0.0392643914027 0.0379644588045
0.0413907694959 0.0436187399031
0.0221404039973 0.016155088853
0.0206048603188 0.0185783521809
0.0214280843495 0.0201938610662
0.0366708438194 0.0420032310178
0.02221848792 0.0218093699515
0.0358651772974 0.0403877221325
0.0185664696994 0.0145395799677
0.041298774985 0.0428109854604
0.0199450598139 0.0185783521809
0.0238782282965 0.0242326332795
0.0512311085848 0.0589660743134
0.0187752606335 0.016155088853
0.0211290330385 0.0201938610662
0.0270474141986 0.0226171243942
0.0269631048129 0.0234248788368
0.0287584362575 0.0258481421648
0.147223742767 0.141357027464
0.044086614817 0.046042003231
0.148445770909 0.14620355412
0.147918761763 0.14620355412
0.0289680720479 0.0258481421648
0.0632026888255 0.0662358642973
0.141596599678 0.138126009693
0.303942843035 0.291599353796
0.293491035525 0.282714054927
0.164874201345 0.177705977383
0.074163903674 0.0912762520194
0.0143648220989 0.0121163166397
0.021616158858 0.0169628432956
0.0334004719411 0.0282714054927
0.00829431706945 0.0145395799677
0.00851558479479 0.016155088853
0.0139003283478 0.016155088853
0.0198803516338 0.0226171243942
0.0267950019714 0.0363489499192
0.00983785746122 0.0145395799677
0.00972676923598 0.013731825525
0.0117281123203 0.0210016155089
0.0120176191685 0.0226171243942
0.0116411054608 0.0226171243942
0.0258195461493 0.0250403877221
0.0259061080055 0.0250403877221
0.0343463585174 0.0339256865913
0.0575490158733 0.0613893376414
0.0581620356478 0.0613893376414
0.0241664298853 0.0210016155089
0.0523763843765 0.0476575121163
0.0552866513975 0.0525040387722
0.070440972974 0.0815831987076
0.0819468192044 0.0936995153473
0.0058369904329 0.0145395799677
0.00606087948726 0.016155088853
0.0112814958264 0.016155088853
0.030116600533 0.0242326332795
0.040327124411 0.0355411954766
0.0399463128788 0.0355411954766
0.0711621604253 0.0662358642973
0.0708561415762 0.0662358642973
0.0980093148923 0.103392568659
0.0351796197015 0.029886914378
0.0418494327451 0.0371567043619
0.0417833570876 0.0371567043619
0.0667854095517 0.064620355412
0.07269801673 0.0710823909532
0.0723697246479 0.0710823909532
0.0289722440151 0.0266558966074
0.0393110884149 0.0371567043619
0.0279892222321 0.0234248788368
0.0452870388137 0.0428109854604
0.0453346734132 0.0428109854604
0.0370027236948 0.0331179321486
0.0696435752359 0.0694668820679
0.0783785949677 0.0767366720517
0.0927523261392 0.0864297253635
0.0973912995645 0.09450726979
0.0979464797373 0.0961227786753
0.0955843538279 0.0969305331179
0.0406871683374 0.0387722132472
0.0896022756299 0.101777059774
0.218370508562 0.214862681745
0.221420875841 0.218093699515
0.374367109952 0.344103392569
0.11877144997 0.12197092084
0.219884069665 0.215670436187
0.473668925367 0.487075928918
0.0228141761582 0.0153473344103
0.0249831583462 0.0169628432956
0.0290319120318 0.0210016155089
0.0337839334459 0.0282714054927
0.0380653486554 0.0331179321486
0.0404063318301 0.0379644588045
0.0511018702494 0.0500807754443
0.0643035940345 0.0630048465267
0.054391738594 0.064620355412
0.0528715460603 0.064620355412
0.111222340075 0.114701130856
Average test error: 0.00544272549686
Weights: 
1.11420312316 -0.908484011861 -3.00673514662 -1.29123182142 -0.000823953997568 -0.313351534223 1.21866304108 -0.84041698776 -0.539764890425 0.770045777042 1.01581656117 0.0952557777994 -0.807804887711 1.42558112889 1.26014056484 -2.21476616902 -0.606050980462 0.33967989671 -0.50872613509 -1.10459533153 -1.49665293735 
Weights: 
-4.79066217636 1.92048636605 -4.86555099818 
Biases: 
0.357787230685 -0.435141217702 4.07845094689 
Biases: 
3.1339180883 
____________________________________
