Fold 0
Validation Results: 
0.0641801163835 0.0597738287561
0.0643239877655 0.0597738287561
0.0632052453237 0.0436187399031
0.0587573472131 0.0331179321486
0.0524017555606 0.0145395799677
0.0564994091564 0.0226171243942
0.0548550617323 0.0290791599354
0.0557062709856 0.0306946688207
0.0572696193316 0.0274636510501
0.0511514515914 0.0153473344103
0.0640890026316 0.0581583198708
0.0519377884698 0.0290791599354
0.0495845810757 0.0242326332795
0.0573423966522 0.0452342487884
0.054964524366 0.0339256865913
0.0602097679882 0.0274636510501
0.0602360421499 0.0274636510501
0.0603151492919 0.0274636510501
0.0602623637271 0.0274636510501
0.0603416133615 0.0274636510501
0.0552005647072 0.0153473344103
0.0905888529112 0.0605815831987
0.105915723773 0.0912762520194
0.134714745442 0.126817447496
0.047957038635 0.0145395799677
0.0490115426966 0.016155088853
0.0585009988766 0.0226171243942
0.0585705193739 0.0266558966074
0.0661225659168 0.0379644588045
0.0860081216659 0.0436187399031
0.0561923115493 0.016155088853
0.0612760092035 0.0185783521809
0.0624178774821 0.0201938610662
0.0743429737551 0.0420032310178
0.060823190443 0.0218093699515
0.0707934671519 0.0403877221325
0.0589409910113 0.0145395799677
0.0748111617645 0.0428109854604
0.050040473264 0.0185783521809
0.0930185300365 0.0242326332795
0.18746044686 0.0589660743134
0.0480382749705 0.016155088853
0.0522582172215 0.0201938610662
0.0513861432137 0.0226171243942
0.0528366810482 0.0234248788368
0.0587333030802 0.0258481421648
0.112306300302 0.141357027464
0.0954477221984 0.046042003231
0.15818923033 0.14620355412
0.160345562195 0.14620355412
0.0585137860388 0.0258481421648
0.0738624749535 0.0662358642973
0.119211138228 0.138126009693
0.231174042825 0.291599353796
0.217312295814 0.282714054927
0.1358391288 0.177705977383
0.0880232060346 0.0912762520194
0.0469681709204 0.0121163166397
0.0480648617124 0.0169628432956
0.0527773739415 0.0282714054927
0.0564624543139 0.0145395799677
0.0574106550534 0.016155088853
0.0503955729688 0.016155088853
0.0514113903416 0.0226171243942
0.0579629982774 0.0363489499192
0.0540951591291 0.0145395799677
0.0535011834572 0.013731825525
0.0578541150339 0.0210016155089
0.0584555256576 0.0226171243942
0.0621152762142 0.0226171243942
0.0536447031111 0.0250403877221
0.053553106615 0.0250403877221
0.0562721908722 0.0339256865913
0.0672364920379 0.0613893376414
0.0669655754097 0.0613893376414
0.0513296109235 0.0210016155089
0.0572579199872 0.0476575121163
0.0603067810678 0.0525040387722
0.0739501202238 0.0815831987076
0.0803012523588 0.0936995153473
0.0623011137742 0.0145395799677
0.0636369002791 0.016155088853
0.0521832278124 0.016155088853
0.0503967424746 0.0242326332795
0.0554116297788 0.0355411954766
0.0547678501208 0.0355411954766
0.0664324445355 0.0662358642973
0.0666287838186 0.0662358642973
0.0896719827556 0.103392568659
0.0526961093239 0.029886914378
0.0564065367604 0.0371567043619
0.0569333144951 0.0371567043619
0.0713284508547 0.064620355412
0.0758835818675 0.0710823909532
0.0761307940136 0.0710823909532
0.169917382956 0.0266558966074
0.0551947153573 0.0371567043619
0.0503831558278 0.0234248788368
0.0592650514802 0.0428109854604
0.059228183466 0.0428109854604
0.0545755557796 0.0331179321486
0.0688060656234 0.0694668820679
0.0722840113125 0.0767366720517
0.079229971538 0.0864297253635
0.0843579608162 0.09450726979
0.0863448611657 0.0961227786753
0.0955641244109 0.0969305331179
0.0604168963052 0.0387722132472
0.0985266381371 0.101777059774
0.165686192586 0.214862681745
0.170239074466 0.218093699515
0.291595983516 0.344103392569
0.111801214678 0.12197092084
0.168097181107 0.215670436187
0.341579015949 0.487075928918
0.0458526213731 0.0153473344103
0.047147810978 0.0169628432956
0.0484813690735 0.0210016155089
0.0522463703021 0.0282714054927
0.0541240796261 0.0331179321486
0.0570186141399 0.0379644588045
0.0614583315553 0.0500807754443
0.066355098902 0.0630048465267
0.0894818510035 0.064620355412
0.0913657924467 0.064620355412
0.0936349160057 0.114701130856
0.150295193754 0.226978998384
0.149539559947 0.153473344103
0.0468559369983 0.0169628432956
0.0493022429947 0.0201938610662
0.0656491979319 0.0541195476575
0.0505174729445 0.0193861066236
0.051944942241 0.0193861066236
0.0647802984537 0.0516962843296
0.0490153466411 0.0201938610662
0.0493642957562 0.016155088853
0.0545943347105 0.0234248788368
0.0602660848807 0.0347334410339
0.0650782200658 0.0428109854604
0.0470909272761 0.0153473344103
0.0487369744478 0.0177705977383
0.0529334353011 0.0250403877221
0.061841204746 0.0331179321486
0.0624295379027 0.0379644588045
0.0795280106283 0.0799676898223
0.066273140733 0.0541195476575
0.0746570075056 0.0654281098546
0.122164295693 0.120355411955
0.113842684307 0.147819063005
0.156624543112 0.222132471729
0.250902276386 0.308562197092
0.0758494129607 0.0452342487884
0.11819404258 0.147011308562
0.199512424637 0.183360258481
0.414409074329 0.275444264943
0.433726187272 0.290791599354
0.624713604054 0.742326332795
0.652399314163 0.789983844911
0.0476436738095 0.0193861066236
0.0479353343609 0.0193861066236
0.0477212404711 0.0193861066236
0.0480267372263 0.0193861066236
0.0539266580821 0.029886914378
0.059081800937 0.0403877221325
0.0589597436483 0.0331179321486
0.0586064920862 0.0379644588045
0.0505547759817 0.0201938610662
Average test error: 0.000821108255839
Weights: 
-0.517143708006 1.28847216883 0.0444545256078 1.72327607411 0.630441577597 0.659179755777 0.996442060192 -0.7964324843 -0.949048484865 -1.88551105695 -0.0453107695584 -0.448852634694 -1.97000172843 0.271576302158 -0.313610991452 0.770783122728 -0.355928827169 -0.644515454514 0.311729677355 -1.46890024691 -0.821542073249 
Weights: 
1.76159472519 -2.95641585392 -0.892913569351 
Biases: 
-1.23080865334 1.42424303797 0.680776711203 
Biases: 
-0.559562422018 
____________________________________
Fold 1
Validation Results: 
0.350267742183 0.160743134087
0.170178758238 0.20436187399
0.157141640281 0.20436187399
0.145035178331 0.20436187399
0.0883054157302 0.10662358643
0.210111925461 0.234248788368
0.22665484955 0.307754442649
0.265951353068 0.307754442649
0.430844539283 0.605008077544
0.56230683114 1.0
0.0343395802944 0.0185783521809
0.0360214694415 0.0193861066236
0.0716270307632 0.0565428109855
0.0919274302744 0.09450726979
0.0323966683929 0.0121163166397
0.0611290412455 0.0516962843296
0.0431777641355 0.0185783521809
0.0521368685593 0.0234248788368
0.0439052955423 0.0177705977383
0.141954629596 0.100161550889
0.0516392747271 0.0282714054927
0.0484613360604 0.0315024232633
0.0644940600645 0.032310177706
0.0671799354553 0.0363489499192
0.0388566502893 0.0226171243942
0.0377987556461 0.0169628432956
0.0383448992524 0.0226171243942
0.036048405258 0.0177705977383
0.0409256161304 0.0226171243942
0.0379525366811 0.0218093699515
0.165521889565 0.0823909531502
0.191803559598 0.0823909531502
0.075585133637 0.0597738287561
0.0799925610503 0.0597738287561
0.10592683462 0.111470113086
0.12634999211 0.1098546042
0.0418283049174 0.0185783521809
0.0443294211357 0.0234248788368
0.051461236662 0.0355411954766
0.0456154754469 0.0242326332795
0.0504275419821 0.0331179321486
0.0599771514653 0.0597738287561
0.0372206002819 0.0201938610662
0.041903070571 0.0226171243942
0.0437845228363 0.0234248788368
0.0455102006702 0.0258481421648
0.113408490067 0.141357027464
0.0692104395924 0.046042003231
0.13522120472 0.14620355412
0.146803859064 0.14620355412
0.0445531648718 0.0258481421648
0.0732543364604 0.0662358642973
0.163286129866 0.138126009693
0.251371821658 0.291599353796
0.22444730423 0.282714054927
0.144277045371 0.177705977383
0.0830637884091 0.0912762520194
0.029955442757 0.0121163166397
0.0372911499479 0.0169628432956
0.0477019502991 0.0282714054927
0.0232447202892 0.0145395799677
0.0236144160741 0.016155088853
0.0294165944413 0.016155088853
0.0345201146337 0.0226171243942
0.0370976155932 0.0363489499192
0.0253519463621 0.0145395799677
0.0252457209412 0.013731825525
0.0270462379634 0.0210016155089
0.0275992212863 0.0226171243942
0.0286752137895 0.0226171243942
0.0421105731699 0.0250403877221
0.0417051988553 0.0250403877221
0.0460213817692 0.0339256865913
0.059040123184 0.0613893376414
0.0581827301995 0.0613893376414
0.0400000768684 0.0210016155089
0.0544979638207 0.0476575121163
0.0609381884415 0.0525040387722
0.073568297768 0.0815831987076
0.0882633174626 0.0936995153473
0.0200227109578 0.0145395799677
0.0203443256321 0.016155088853
0.0265243787786 0.016155088853
0.0440504110269 0.0242326332795
0.051188079221 0.0355411954766
0.0503940035774 0.0355411954766
0.0665758990048 0.0662358642973
0.0678069383741 0.0662358642973
0.0812568554842 0.103392568659
0.0448570912887 0.029886914378
0.051274263203 0.0371567043619
0.0527395269256 0.0371567043619
0.0653510785989 0.064620355412
0.0746916834331 0.0710823909532
0.0762231340776 0.0710823909532
0.0835096788438 0.0266558966074
0.0490306941838 0.0371567043619
0.0420979912093 0.0234248788368
0.05575706993 0.0428109854604
0.0555613574783 0.0428109854604
0.0476583246215 0.0331179321486
0.0613958477789 0.0694668820679
0.069614403812 0.0767366720517
0.0890642183751 0.0864297253635
0.0901544921447 0.09450726979
0.0947353733181 0.0961227786753
0.107690163992 0.0969305331179
0.0622295486175 0.0387722132472
0.101351469529 0.101777059774
0.190140517869 0.214862681745
0.218526668406 0.218093699515
0.328104553871 0.344103392569
0.131616763371 0.12197092084
0.204820584778 0.215670436187
0.426679772103 0.487075928918
0.0373946101854 0.0153473344103
0.0393380552546 0.0169628432956
0.0419022790958 0.0210016155089
0.0441750435721 0.0282714054927
0.0462042806462 0.0331179321486
0.0466432023276 0.0379644588045
0.05119835416 0.0500807754443
0.0560188167717 0.0630048465267
0.0832619804266 0.064620355412
0.0936505511809 0.064620355412
0.0868711006339 0.114701130856
0.174136203549 0.226978998384
0.203835249853 0.153473344103
0.0368788665815 0.0169628432956
0.0389529665208 0.0201938610662
0.0583864477981 0.0541195476575
0.0381239145496 0.0193861066236
0.0416595417456 0.0193861066236
0.0509974703209 0.0516962843296
0.0404729332216 0.0201938610662
0.0409460253972 0.016155088853
0.0440192483709 0.0234248788368
0.0515143927037 0.0347334410339
0.0600489788883 0.0428109854604
0.0358004217351 0.0153473344103
0.0370975046221 0.0177705977383
0.0443175811267 0.0250403877221
0.0534787653205 0.0331179321486
0.0557044138377 0.0379644588045
0.0825801914613 0.0799676898223
0.0609428701454 0.0541195476575
0.0755955829691 0.0654281098546
0.124555329665 0.120355411955
0.113608978866 0.147819063005
0.189130806567 0.222132471729
0.344356516258 0.308562197092
0.0668369305677 0.0452342487884
0.125991196475 0.147011308562
0.245107022787 0.183360258481
0.433392084236 0.275444264943
0.453098213759 0.290791599354
0.54930675219 0.742326332795
0.573334948245 0.789983844911
0.0381389311399 0.0193861066236
0.0382471488273 0.0193861066236
0.0385099056253 0.0193861066236
0.0386803229824 0.0193861066236
0.0458726866107 0.029886914378
0.0559002450447 0.0403877221325
0.0486507257744 0.0331179321486
0.0424476783846 0.0379644588045
0.0330468733373 0.0201938610662
Average test error: 0.0014732890069
Weights: 
0.284562177606 0.0891401002621 -0.784544312853 0.692556966325 0.858485630472 -0.346446640503 0.188687770251 0.243181896952 -1.40103838238 -0.277622644444 -0.689877435812 -0.250239859036 -0.841925783743 -0.891271393148 1.22729877387 1.58328007282 -1.79363775444 -1.24684709323 -1.12973699946 -0.567906987293 -2.20490414651 
Weights: 
0.0618532221696 -2.60096741745 -3.25207535352 
Biases: 
-1.17186918114 0.0456670034035 1.10592199465 
Biases: 
0.509343448544 
____________________________________
Fold 2
Validation Results: 
0.153763217463 0.160743134087
0.20180420904 0.20436187399
0.194449049131 0.20436187399
0.187309476932 0.20436187399
0.105333046907 0.10662358643
0.206529452268 0.234248788368
0.273991511778 0.307754442649
0.293527136041 0.307754442649
0.489596474918 0.605008077544
0.572928460856 1.0
0.0405671945683 0.0185783521809
0.0416590419691 0.0193861066236
0.0570660226714 0.0565428109855
0.076641035499 0.09450726979
0.037657799793 0.0121163166397
0.0810013823779 0.0516962843296
0.049065102421 0.0185783521809
0.0656437689694 0.0234248788368
0.0524026170194 0.0177705977383
0.0873220065578 0.100161550889
0.0652102693831 0.0282714054927
0.0620692737901 0.0315024232633
0.0844940622651 0.032310177706
0.087973987965 0.0363489499192
0.0466830819305 0.0226171243942
0.0416974697242 0.0169628432956
0.0456365343313 0.0226171243942
0.0412785857537 0.0177705977383
0.0458104299529 0.0226171243942
0.0441342103362 0.0218093699515
0.0814370277026 0.0823909531502
0.0880025074352 0.0823909531502
0.0893888185189 0.0597738287561
0.0918096513314 0.0597738287561
0.133639290234 0.111470113086
0.145086450851 0.1098546042
0.045029280507 0.0185783521809
0.0483554581596 0.0234248788368
0.0564665454278 0.0355411954766
0.0508506119169 0.0242326332795
0.0572931377998 0.0331179321486
0.0733850190302 0.0597738287561
0.0745460796716 0.0597738287561
0.0750405459027 0.0597738287561
0.0662167245366 0.0436187399031
0.0590437357279 0.0331179321486
0.0320957733222 0.0145395799677
0.0359537576607 0.0226171243942
0.0481467698253 0.0290791599354
0.0523388138044 0.0306946688207
0.0400520257577 0.0274636510501
0.0346977103623 0.0153473344103
0.0700100775336 0.0581583198708
0.0501404860924 0.0290791599354
0.0460891982053 0.0242326332795
0.0590208586673 0.0452342487884
0.0506268036984 0.0339256865913
0.0387755278259 0.0274636510501
0.0388386330185 0.0274636510501
0.0390292579109 0.0274636510501
0.0389019561179 0.0274636510501
0.0390932375397 0.0274636510501
0.0571494087855 0.0153473344103
0.0694720542297 0.0605815831987
0.0882271197236 0.0912762520194
0.0952538697576 0.126817447496
0.0468412742307 0.0145395799677
0.0481389960515 0.016155088853
0.0557612588524 0.0226171243942
0.0545476453665 0.0266558966074
0.0653468847285 0.0379644588045
0.0765091566077 0.0436187399031
0.0502917515816 0.016155088853
0.0542320460517 0.0185783521809
0.0542713039045 0.0201938610662
0.0702958563619 0.0420032310178
0.0495382744287 0.0218093699515
0.0607921881799 0.0403877221325
0.0503768670535 0.0145395799677
0.0690313476635 0.0428109854604
0.0424764188004 0.0185783521809
0.064350947062 0.0242326332795
0.118116990478 0.0589660743134
0.0399784795823 0.016155088853
0.0587638301577 0.0355411954766
0.0561129589798 0.0355411954766
0.0709683708467 0.0662358642973
0.07153318509 0.0662358642973
0.0816565066857 0.103392568659
0.0541953241281 0.029886914378
0.0539841243298 0.0371567043619
0.0556740170939 0.0371567043619
0.0784128630487 0.064620355412
0.0854890161494 0.0710823909532
0.0862806264953 0.0710823909532
0.117497384935 0.0266558966074
0.0531066076697 0.0371567043619
0.0481203638294 0.0234248788368
0.0547124943144 0.0428109854604
0.0546312468981 0.0428109854604
0.0549155348227 0.0331179321486
0.071902682929 0.0694668820679
0.0730749900714 0.0767366720517
0.0789954338485 0.0864297253635
0.082099463422 0.09450726979
0.0846448155086 0.0961227786753
0.09680214666 0.0969305331179
0.0669300334456 0.0387722132472
0.112499679491 0.101777059774
0.190922000569 0.214862681745
0.205420519452 0.218093699515
0.292203854771 0.344103392569
0.140737967843 0.12197092084
0.198468966792 0.215670436187
0.267782308371 0.487075928918
0.0427678022045 0.0153473344103
0.0450251222205 0.0169628432956
0.0482573760127 0.0210016155089
0.0523143864446 0.0282714054927
0.0554396856055 0.0331179321486
0.0573106472937 0.0379644588045
0.0646603579919 0.0500807754443
0.0728973164869 0.0630048465267
0.102333469282 0.064620355412
0.108339747822 0.064620355412
0.0852369188779 0.114701130856
0.109842004045 0.226978998384
0.138635970694 0.153473344103
0.0424130347035 0.0169628432956
0.0453218308312 0.0201938610662
0.0508309231155 0.0541195476575
0.0446699022267 0.0193861066236
0.0493378230617 0.0193861066236
0.0641669989109 0.0516962843296
0.0460252835582 0.0201938610662
0.0468069132455 0.016155088853
0.0486988130553 0.0234248788368
0.0550586837936 0.0347334410339
0.0571337337176 0.0428109854604
0.0399174793967 0.0153473344103
0.0415098807378 0.0177705977383
0.0508989699332 0.0250403877221
0.0613880695795 0.0331179321486
0.0619849961073 0.0379644588045
0.0857128112646 0.0799676898223
0.0758546322774 0.0541195476575
0.0791965089411 0.0654281098546
0.125179731547 0.120355411955
0.137849962243 0.147819063005
0.198789042644 0.222132471729
0.301066064596 0.308562197092
0.0687458505512 0.0452342487884
0.15276145411 0.147011308562
0.290984886125 0.183360258481
0.465360289462 0.275444264943
0.474689073679 0.290791599354
0.584539746341 0.742326332795
0.602110720448 0.789983844911
0.0444675733445 0.0193861066236
0.0446612449031 0.0193861066236
0.0446703010083 0.0193861066236
0.0448997343158 0.0193861066236
0.0538612699562 0.029886914378
0.055297745586 0.0403877221325
0.0584491255943 0.0331179321486
0.0431175895991 0.0379644588045
0.0391681369954 0.0201938610662
Average test error: 0.00148823148346
Weights: 
0.0986333700388 -0.384931438552 -1.16634265754 1.22326405524 -1.77804829753 -1.18258884087 -2.00830551885 -0.409509304925 -0.988859718906 1.5530728084 2.34582051296 -1.38040094354 -0.230412202689 -0.271974907458 1.29762158776 -0.750906403147 -1.98447065359 -0.443706830391 -1.3582160946 -0.747278068516 0.531812758351 
Weights: 
-2.87378574116 0.904311581329 -2.02657888546 
Biases: 
1.06247650536 -1.20881225852 0.912057671269 
Biases: 
0.222721971929 
____________________________________
Fold 3
Validation Results: 
0.169384123366 0.160743134087
0.16630207779 0.20436187399
0.153335518363 0.20436187399
0.141403770409 0.20436187399
0.0823472823356 0.10662358643
0.199818343379 0.234248788368
0.282669524297 0.307754442649
0.322359237436 0.307754442649
0.471790374287 0.605008077544
0.559668768066 1.0
0.0480303301308 0.0185783521809
0.0487159283894 0.0193861066236
0.0559320278196 0.0565428109855
0.0739864056654 0.09450726979
0.0428587366565 0.0121163166397
0.0584365960538 0.0516962843296
0.0437192729021 0.0185783521809
0.0472119796248 0.0234248788368
0.0438686589195 0.0177705977383
0.0845246037254 0.100161550889
0.0470577662037 0.0282714054927
0.0482502639888 0.0315024232633
0.0489121901255 0.032310177706
0.0492757957194 0.0363489499192
0.0471701395311 0.0226171243942
0.0469909174954 0.0169628432956
0.0479626012271 0.0226171243942
0.0456535333544 0.0177705977383
0.0501209720483 0.0226171243942
0.0472282863484 0.0218093699515
0.101523958621 0.0823909531502
0.119015000486 0.0823909531502
0.0634903339743 0.0597738287561
0.0664016183863 0.0597738287561
0.0997097433006 0.111470113086
0.119578502059 0.1098546042
0.0397662724547 0.0185783521809
0.0414571906583 0.0234248788368
0.0467572384239 0.0355411954766
0.0427706557738 0.0242326332795
0.0463670042134 0.0331179321486
0.0555860740437 0.0597738287561
0.0564271435826 0.0597738287561
0.0570291475365 0.0597738287561
0.0548868821245 0.0436187399031
0.050370257255 0.0331179321486
0.0573594031037 0.0145395799677
0.0624149935996 0.0226171243942
0.0509765983462 0.0290791599354
0.0493367908182 0.0306946688207
0.0622823488739 0.0274636510501
0.0544433572067 0.0153473344103
0.0650440879285 0.0581583198708
0.0473769210392 0.0290791599354
0.0433436130273 0.0242326332795
0.0523820279326 0.0452342487884
0.0519829411197 0.0339256865913
0.0651397471567 0.0274636510501
0.0653236584683 0.0274636510501
0.0658804765525 0.0274636510501
0.0655084147395 0.0274636510501
0.0660677893114 0.0274636510501
0.0450534553047 0.0153473344103
0.0588078219725 0.0605815831987
0.071979676586 0.0912762520194
0.108714245379 0.126817447496
0.0401322884937 0.0145395799677
0.0413561014504 0.016155088853
0.0428176796522 0.0226171243942
0.0441151310778 0.0266558966074
0.0481567428144 0.0379644588045
0.0479085330986 0.0436187399031
0.0421317424309 0.016155088853
0.0492582970477 0.0185783521809
0.0504992356395 0.0201938610662
0.0622850976921 0.0420032310178
0.0463614205858 0.0218093699515
0.0552101833224 0.0403877221325
0.0476553488775 0.0145395799677
0.053408596084 0.0428109854604
0.0460378003501 0.0185783521809
0.0470401014534 0.0242326332795
0.0576889015775 0.0589660743134
0.0444858606574 0.016155088853
0.0480434522135 0.0201938610662
0.0443240252413 0.0226171243942
0.0456062336705 0.0234248788368
0.0433831704656 0.0258481421648
0.108020218522 0.141357027464
0.0500274322262 0.046042003231
0.106287079859 0.14620355412
0.11544313275 0.14620355412
0.0428301060693 0.0258481421648
0.0682924798727 0.0662358642973
0.153475949335 0.138126009693
0.316733044131 0.291599353796
0.27016768154 0.282714054927
0.15137566947 0.177705977383
0.0802438402489 0.0912762520194
0.045925362529 0.0121163166397
0.0421258224199 0.0169628432956
0.0455398375752 0.0282714054927
0.0678704944932 0.0145395799677
0.0694916363811 0.016155088853
0.0511815520951 0.016155088853
0.0491124660991 0.0226171243942
0.0543528779443 0.0363489499192
0.0595735226478 0.0145395799677
0.0592623162768 0.013731825525
0.0652078481098 0.0210016155089
0.0663971244674 0.0226171243942
0.0701622876264 0.0226171243942
0.0477336846275 0.0250403877221
0.0474193715085 0.0250403877221
0.0488988166591 0.0339256865913
0.0619206048368 0.0613893376414
0.0608642253164 0.0613893376414
0.0458174486261 0.0210016155089
0.0486927840795 0.0476575121163
0.0529287517865 0.0525040387722
0.064807821657 0.0815831987076
0.07353481774 0.0936995153473
0.0872546915662 0.0145395799677
0.0905031513888 0.016155088853
0.0565852698129 0.016155088853
0.0423813217663 0.0242326332795
0.151534194766 0.226978998384
0.159447154675 0.153473344103
0.0421953722813 0.0169628432956
0.0437548065659 0.0201938610662
0.0570275306908 0.0541195476575
0.044326517913 0.0193861066236
0.0481951454578 0.0193861066236
0.0587792625593 0.0516962843296
0.0429197184521 0.0201938610662
0.0429913085237 0.016155088853
0.0437501135117 0.0234248788368
0.0491688861982 0.0347334410339
0.0550750791159 0.0428109854604
0.0420928722807 0.0153473344103
0.0429110004115 0.0177705977383
0.0440068019434 0.0250403877221
0.0496687687676 0.0331179321486
0.0511690430474 0.0379644588045
0.0710340441124 0.0799676898223
0.0588197042362 0.0541195476575
0.0660628819575 0.0654281098546
0.11629578211 0.120355411955
0.111932592799 0.147819063005
0.202702872483 0.222132471729
0.365434285796 0.308562197092
0.0552417488291 0.0452342487884
0.109667371934 0.147011308562
0.239648085458 0.183360258481
0.434071112419 0.275444264943
0.455470912788 0.290791599354
0.479181720591 0.742326332795
0.514754989947 0.789983844911
0.0423606203217 0.0193861066236
0.042527302757 0.0193861066236
0.0426055168896 0.0193861066236
0.0428160302081 0.0193861066236
0.0456577482614 0.029886914378
0.0499697014333 0.0403877221325
0.0473198441784 0.0331179321486
0.0617823179281 0.0379644588045
0.0505918904927 0.0201938610662
Average test error: 0.00158739857447
Weights: 
-0.0237139824537 -0.66752339559 -1.0515689596 0.978531690309 -0.974143119096 0.868125420327 0.069966021642 -1.5015892706 -0.258742899438 -0.482226193473 -1.54141746055 -1.09615813289 0.520194906263 -1.55152268054 -1.29432244201 -0.586352860149 -2.74297146509 -0.939322395368 -2.01026536921 0.0462611744008 -2.47162088733 
Weights: 
-0.0929250083224 -0.967262589651 -3.12607804365 
Biases: 
-0.563596621559 1.39429116643 2.29135903787 
Biases: 
0.36704815157 
____________________________________
Fold 4
Validation Results: 
0.227474428465 0.160743134087
0.165719778561 0.20436187399
0.158272736962 0.20436187399
0.151284334936 0.20436187399
0.111191041885 0.10662358643
0.187915166155 0.234248788368
0.260137763884 0.307754442649
0.287521561589 0.307754442649
0.405494915718 0.605008077544
0.641128335304 1.0
0.0744277847872 0.0185783521809
0.075342627404 0.0193861066236
0.0855946253004 0.0565428109855
0.104553551499 0.09450726979
0.0680183673829 0.0121163166397
0.0843233566792 0.0516962843296
0.0683518877739 0.0185783521809
0.0722228144183 0.0234248788368
0.0682006393945 0.0177705977383
0.147650114768 0.100161550889
0.0764623725488 0.0282714054927
0.0773146178619 0.0315024232633
0.0912426112729 0.032310177706
0.0938434289347 0.0363489499192
0.0736557596404 0.0226171243942
0.0725369199972 0.0169628432956
0.0728689872807 0.0226171243942
0.0704317998473 0.0177705977383
0.0755460586393 0.0226171243942
0.0724829113626 0.0218093699515
0.105987932785 0.0823909531502
0.11530769822 0.0823909531502
0.0796510947576 0.0597738287561
0.0816130458664 0.0597738287561
0.105331641533 0.111470113086
0.115924895678 0.1098546042
0.0638737001755 0.0185783521809
0.0666005196582 0.0234248788368
0.0735209037261 0.0355411954766
0.0658863349504 0.0242326332795
0.068807372424 0.0331179321486
0.0771766772323 0.0597738287561
0.0781887469732 0.0597738287561
0.07867611475 0.0597738287561
0.0779982186313 0.0436187399031
0.0749149917865 0.0331179321486
0.0866615055838 0.0145395799677
0.0903704149297 0.0226171243942
0.0756128327615 0.0290791599354
0.0745951755524 0.0306946688207
0.0861104182503 0.0274636510501
0.0811792234794 0.0153473344103
0.0851190832987 0.0581583198708
0.0716125209627 0.0290791599354
0.0682911404719 0.0242326332795
0.0755264935827 0.0452342487884
0.0765070074321 0.0339256865913
0.0902827413422 0.0274636510501
0.0904258548121 0.0274636510501
0.0908573581608 0.0274636510501
0.090569328216 0.0274636510501
0.0910019163712 0.0274636510501
0.0663647687468 0.0153473344103
0.102110922635 0.0605815831987
0.112027766196 0.0912762520194
0.146670068528 0.126817447496
0.0634631365181 0.0145395799677
0.0647261059313 0.016155088853
0.071104321542 0.0226171243942
0.0733395647093 0.0266558966074
0.0784824339721 0.0379644588045
0.0898178227123 0.0436187399031
0.0695684856012 0.016155088853
0.0748392467011 0.0185783521809
0.0762292091499 0.0201938610662
0.0836687734896 0.0420032310178
0.0783762380959 0.0218093699515
0.0848919866206 0.0403877221325
0.0727919233198 0.0145395799677
0.0861731367322 0.0428109854604
0.0713032515367 0.0185783521809
0.0928982449449 0.0242326332795
0.13298463829 0.0589660743134
0.0705218390183 0.016155088853
0.0724153689311 0.0201938610662
0.0696712939769 0.0226171243942
0.0703847299765 0.0234248788368
0.0756030548761 0.0258481421648
0.118803918622 0.141357027464
0.0979158409717 0.046042003231
0.139630447528 0.14620355412
0.146046889901 0.14620355412
0.074882889901 0.0258481421648
0.0891143093839 0.0662358642973
0.122814594356 0.138126009693
0.273168205067 0.291599353796
0.285273303752 0.282714054927
0.148091021596 0.177705977383
0.107659972976 0.0912762520194
0.0711836620972 0.0121163166397
0.0680949763912 0.0169628432956
0.0705089297538 0.0282714054927
0.0990402378933 0.0145395799677
0.101035969147 0.016155088853
0.0784803787625 0.016155088853
0.0771918588197 0.0226171243942
0.0863662349979 0.0363489499192
0.091142417512 0.0145395799677
0.0893359547374 0.013731825525
0.094988281824 0.0210016155089
0.0962185547549 0.0226171243942
0.1001347785 0.0226171243942
0.0738518573996 0.0250403877221
0.0735319534872 0.0250403877221
0.0765741483023 0.0339256865913
0.0865190390143 0.0613893376414
0.0856327898212 0.0613893376414
0.0697618776625 0.0210016155089
0.0742655118469 0.0476575121163
0.0760010027364 0.0525040387722
0.0866476559924 0.0815831987076
0.0939515503436 0.0936995153473
0.125628826524 0.0145395799677
0.127290330565 0.016155088853
0.0868836168331 0.016155088853
0.067221208683 0.0242326332795
0.0717303475951 0.0355411954766
0.0729829421487 0.0355411954766
0.0827731445921 0.0662358642973
0.0834402496813 0.0662358642973
0.119044557688 0.103392568659
0.0686219048261 0.029886914378
0.072385791688 0.0371567043619
0.0723619543683 0.0371567043619
0.0814712855721 0.064620355412
0.082926531115 0.0710823909532
0.0836634962057 0.0710823909532
0.106090178515 0.0266558966074
0.0749334569869 0.0371567043619
0.0701999294433 0.0234248788368
0.0783082827457 0.0428109854604
0.0781886667528 0.0428109854604
0.0732868635148 0.0331179321486
0.0880173354567 0.0694668820679
0.0921574514158 0.0767366720517
0.0898579713195 0.0864297253635
0.0985093767325 0.09450726979
0.100470085489 0.0961227786753
0.105422470589 0.0969305331179
0.0763371297293 0.0387722132472
0.120461875003 0.101777059774
0.175459209081 0.214862681745
0.190779337244 0.218093699515
0.336498586347 0.344103392569
0.117472982096 0.12197092084
0.183461722928 0.215670436187
0.409996976562 0.487075928918
0.0643164773736 0.0153473344103
0.0647938200285 0.0169628432956
0.0654678245099 0.0210016155089
0.069421329827 0.0282714054927
0.0708784531586 0.0331179321486
0.0763196452102 0.0379644588045
0.0799236141397 0.0500807754443
0.0836235363503 0.0630048465267
0.0836359406286 0.064620355412
0.0881576853016 0.064620355412
0.116011050579 0.114701130856
Average test error: 0.0015480205014
Weights: 
-0.140747600139 0.392713402263 1.97828309707 0.391973422555 -0.0332675247172 0.677226918849 1.63506764165 0.355197204647 -0.0931044134206 0.514387882708 0.636837135432 0.711483091043 0.43729710893 0.659295292319 -1.40024060208 -2.1424936748 -0.291189558685 -0.926547855555 0.523045365349 -1.07462638084 -0.983608849691 
Weights: 
1.51218254536 -0.0217986773156 -2.91932386439 
Biases: 
-1.58085330878 0.521306597045 1.66339601447 
Biases: 
-0.562542206916 
____________________________________
