2.18843479753
1.45830896149
1.44199828952
1.42373450738
1.4015692674
1.37527009026
1.34423683902
1.30763121079
1.26448547792
1.21380300504
1.15471117724
1.08670034733
1.00994049272
0.925594395399
0.835964943832
0.744307553345
0.654282901848
0.569250913492
0.491709611847
0.423065417951
0.363717231995
0.313315890503
0.271058620575
0.235934722822
0.206895198259
0.182952487702
0.163228741131
0.146971257638
0.13354944044
0.122442801479
0.113225720959
0.105552057564
0.0991410931898
0.0937653754746
0.0892405357715
0.0854169300022
0.0821728607238
0.0794091225662
0.0770446312692
0.0750129279765
0.0732593846039
0.0717389680284
0.070414448603
0.0692549616869
0.0682348497557
0.0673327278064
0.0665307268012
0.065813879397
0.0651696196861
0.0645873745515
0.0640582288585
0.0635746503329
0.0631302628397
0.0627196590264
0.0623382450811
0.0619821117689
0.0616479270337
0.0613328463454
0.0610344376939
0.0607506186998
0.0604796037786
0.0602198596631
0.0599700678944
0.0597290931338
0.0594959563489
0.0592698120881
0.0590499291924
0.0588356744013
0.0586264984016
0.0584219239387
0.058221535675
0.0580249715285
0.0578319152685
0.0576420901787
0.0574552536294
0.0572711924248
0.0570897188098
0.0569106670413
0.0567338904421
0.0565592588656
0.0563866565154
0.0562159800657
0.0560471370426
0.0558800444266
0.0557146274474
0.0555508185423
0.0553885564562
0.0552277854628
0.0550684546903
0.0549105175379
0.054753931169
0.0545986560718
0.0544446556777
0.0542918960293
0.0541403454916
0.0539899744999
0.0538407553408
0.0536926619599
0.0535456697943
0.0533997556256
0.0532548974509
0.0531110743699
0.0529682664846
0.0528264548121
0.0526856212065
0.0525457482904
0.0524068193936
0.0522688184993
0.0521317301957
0.0519955396324
0.0518602324823
0.0517257949067
0.0515922135237
0.0514594753807
0.0513275679281
0.0511964789966
0.0510661967763
0.0509367097967
0.0508080069099
0.0506800772739
0.050552910338
0.050426495829
0.0503008237388
0.0501758843121
0.0500516680359
0.0499281656293
0.049805368034
0.0496832664053
0.0495618521041
0.0494411166888
0.0493210519079
0.0492016496938
0.0490829021552
0.0489648015721
0.048847340389
0.0487305112101
0.0486143067937
0.0484987200473
0.0483837440229
0.0482693719128
0.0481555970447
0.0480424128784
0.0479298130011
0.0478177911245
0.0477063410805
0.0475954568185
0.0474851324016
0.0473753620037
0.0472661399068
0.0471574604974
0.0470493182648
0.0469417077974
0.0468346237809
0.0467280609957
0.0466220143142
0.0465164786991
0.0464114492009
0.0463069209557
0.0462028891837
0.0460993491864
0.0459962963458
0.0458937261215
0.0457916340498
0.0456900157415
0.0455888668804
0.0454881832219
0.0453879605911
0.0452881948815
0.0451888820538
0.045090018134
0.0449915992125
0.0448936214423
0.0447960810383
0.0446989742756
0.0446022974884
0.0445060470689
0.0444102194662
0.0443148111849
0.0442198187843
0.0441252388773
0.0440310681291
0.0439373032566
0.043843941027
0.0437509782571
0.0436584118123
0.0435662386057
0.043474455597
0.0433830597918
0.043292048241
0.0432014180391
0.0431111663244
0.0430212902775
0.0429317871207
0.0428426541171
0.0427538885702
0.0426654878228
0.0425774492561
0.0424897702896
0.0424024483796
0.0423154810191
0.0422288657369
0.0421426000968
0.042056681697
0.0419711081695
0.0418858771794
0.0418009864243
0.0417164336336
0.0416322165677
0.0415483330179
0.0414647808052
0.04138155778
0.0412986618217
0.0412160908376
0.0411338427627
0.0410519155591
0.0409703072153
0.0408890157457
0.0408080391903
0.0407273756135
0.0406470231044
0.0405669797756
0.0404872437632
0.0404078132258
0.0403286863444
0.0402498613216
0.0401713363813
0.0400931097682
0.0400151797472
0.039937544603
0.0398602026396
0.03978315218
0.0397063915654
0.0396299191551
0.0395537333259
0.0394778324717
0.0394022150029
0.0393268793465
0.0392518239448
0.039177047256
0.0391025477529
0.0390283239232
0.0389543742686
0.0388806973047
0.0388072915607
0.0387341555785
0.0386612879132
0.0385886871318
0.0385163518137
0.0384442805497
0.0383724719419
0.0383009246036
0.0382296371587
0.0381586082413
0.0380878364958
0.0380173205761
0.0379470591456
0.0378770508771
0.0378072944519
0.0377377885602
0.0376685319004
0.037599523179
0.0375307611102
0.0374622444161
0.0373939718258
0.0373259420757
0.037258153909
0.0371906060756
0.037123297332
0.0370562264406
0.0369893921703
0.0369227932955
0.0368564285965
0.0367902968591
0.0367243968744
0.0366587274388
0.0365932873537
0.0365280754254
0.0364630904648
0.0363983312878
0.0363337967145
0.0362694855695
0.0362053966818
0.0361415288844
0.0360778810144
0.0360144519131
0.0359512404256
0.0358882454007
0.0358254656912
0.0357629001534
0.0357005476475
0.0356384070371
0.0355764771893
0.035514756975
0.0354532452682
0.0353919409467
0.0353308428915
0.0352699499872
0.0352092611215
0.0351487751858
0.0350884910747
0.0350284076864
0.0349685239222
0.034908838687
0.0348493508892
0.0347900594405
0.034730963256
0.0346720612547
0.0346133523586
0.0345548354937
0.0344965095895
0.034438373579
0.034380426399
0.0343226669903
0.034265094297
0.0342077072676
0.0341505048541
0.0340934860127
0.0340366497037
0.0339799948913
0.0339235205441
0.0338672256347
0.0338111091403
0.0337551700422
0.0336994073264
0.0336438199833
0.033588407008
0.0335331674002
0.0334781001644
0.0334232043101
0.0333684788514
0.0333139228077
0.0332595352032
0.0332053150677
0.0331512614357
0.0330973733473
0.0330436498482
0.032990089989
0.0329366928265
0.0328834574227
0.0328303828453
0.0327774681681
0.0327247124704
0.0326721148377
0.0326196743612
0.0325673901385
0.0325152612731
0.0324632868747
0.0324114660594
0.0323597979496
0.0323082816741
0.0322569163679
0.0322057011729
0.0321546352373
0.0321037177161
0.0320529477708
0.0320023245697
0.0319518472879
0.0319015151074
0.0318513272168
0.0318012828118
0.0317513810951
0.0317016212761
0.0316520025716
0.031602524205
0.0315531854072
0.0315039854158
0.0314549234759
0.0314059988394
0.0313572107656
0.0313085585208
0.0312600413786
0.0312116586199
0.0311634095326
0.0311152934118
0.03106730956
0.0310194572868
0.030971735909
0.0309241447508
0.0308766831433
0.030829350425
0.0307821459415
0.0307350690455
0.0306881190972
0.0306412954634
0.0305945975184
0.0305480246434
0.0305015762267
0.0304552516638
0.0304090503568
0.0303629717152
0.0303170151551
0.0302711800997
0.0302254659789
0.0301798722296
0.0301343982953
0.0300890436262
0.0300438076793
0.0299986899181
0.0299536898129
0.0299088068403
0.0298640404834
0.0298193902318
0.0297748555813
0.0297304360342
0.0296861310989
0.02964194029
0.0295978631282
0.0295538991403
0.029510047859
0.029466308823
0.0294226815768
0.0293791656706
0.0293357606605
0.0292924661079
0.0292492815802
0.02920620665
0.0291632408953
0.0291203838996
0.0290776352516
0.0290349945452
0.0289924613792
0.0289500353579
0.0289077160901
0.0288655031898
0.0288233962756
0.0287813949709
0.0287394989038
0.0286977077069
0.0286560210173
0.0286144384764
0.0285729597302
0.0285315844288
0.0284903122263
0.0284491427811
0.0284080757557
0.0283671108162
0.0283262476329
0.0282854858796
0.028244825234
0.0282042653773
0.0281638059942
0.028123446773
0.0280831874053
0.028043027586
0.0280029670132
0.0279630053883
0.0279231424156
0.0278833778025
0.0278437112592
0.0278041424991
0.0277646712379
0.0277252971943
0.0276860200897
0.0276468396478
0.0276077555951
0.0275687676603
0.0275298755745
0.0274910790711
0.0274523778859
0.0274137717565
0.0273752604229
0.027336843627
0.0272985211127
0.0272602926257
0.0272221579136
0.0271841167259
0.0271461688137
0.0271083139297
0.0270705518282
0.0270328822652
0.0269953049981
0.0269578197857
0.0269204263882
0.0268831245671
0.0268459140852
0.0268087947065
0.0267717661962
0.0267348283206
0.0266979808471
0.026661223544
0.0266245561809
0.0265879785279
0.0265514903562
0.0265150914381
0.0264787815462
0.0264425604542
0.0264064279365
0.0263703837681
0.0263344277247
0.0262985595826
0.0262627791187
0.0262270861103
0.0261914803353
0.0261559615723
0.0261205295999
0.0260851841975
0.0260499251447
0.0260147522213
0.0259796652078
0.0259446638848
0.025909748033
0.0258749174335
0.0258401718678
0.0258055111173
0.0257709349637
0.0257364431889
0.0257020355748
0.0256677119034
0.0256334719571
0.025599315518
0.0255652423685
0.0255312522908
0.0254973450673
0.0254635204804
0.0254297783125
0.0253961183459
0.0253625403628
0.0253290441456
0.0252956294764
0.0252622961373
0.0252290439105
0.0251958725778
0.0251627819211
0.0251297717221
0.0250968417625
0.0250639918238
0.0250312216874
0.0249985311345
0.0249659199463
0.0249333879036
0.0249009347874
0.0248685603783
0.0248362644568
0.0248040468032
0.0247719071979
0.0247398454207
0.0247078612516
0.0246759544703
0.0246441248564
0.0246123721892
0.0245806962481
0.0245490968119
0.0245175736598
0.0244861265704
0.0244547553224
0.0244234596942
0.0243922394641
0.0243610944104
0.0243300243109
0.0242990289437
0.0242681080864
0.0242372615167
0.0242064890122
0.0241757903501
0.0241451653079
0.0241146136627
0.0240841351915
0.0240537296713
0.0240233968791
0.0239931365916
0.0239629485857
0.0239328326379
0.023902788525
0.0238728160235
0.0238429149098
0.0238130849606
0.0237833259523
0.0237536376613
0.0237240198641
0.0236944723371
0.0236649948567
0.0236355871994
0.0236062491417
0.02357698046
0.023547780931
0.0235186503313
0.0234895884374
0.0234605950261
0.0234316698743
0.0234028127588
0.0233740234566
0.0233453017448
0.0233166474006
0.0232880602013
0.0232595399244
0.0232310863475
0.0232026992483
0.0231743784049
0.0231461235951
0.0231179345974
0.0230898111902
0.0230617531522
0.0230337602621
0.0230058322991
0.0229779690425
0.0229501702719
0.022922435767
0.0228947653079
0.0228671586749
0.0228396156485
0.0228121360097
0.0227847195396
0.0227573660196
0.0227300752315
0.0227028469574
0.0226756809797
0.0226485770812
0.0226215350449
0.0225945546543
0.0225676356932
0.0225407779457
0.0225139811964
0.0224872452302
0.0224605698325
0.0224339547889
0.0224073998857
0.0223809049094
0.0223544696469
0.0223280938857
0.0223017774136
0.0222755200189
0.0222493214905
0.0222231816174
0.0221971001895
0.0221710769968
0.0221451118301
0.0221192044805
0.0220933547395
0.0220675623995
0.0220418272529
0.0220161490931
0.0219905277136
0.0219649629087
0.0219394544733
0.0219140022025
0.0218886058922
0.0218632653389
0.0218379803395
0.0218127506915
0.0217875761931
0.0217624566428
0.02173739184
0.0217123815846
0.0216874256768
0.0216625239178
0.0216376761092
0.0216128820532
0.0215881415526
0.021563454411
0.0215388204323
0.0215142394212
0.0214897111832
0.0214652355241
0.0214408122505
0.0214164411696
0.0213921220893
0.0213678548181
0.0213436391652
0.0213194749403
0.0212953619539
0.0212713000172
0.0212472889419
0.0212233285404
0.0211994186259
0.0211755590121
0.0211517495135
0.0211279899452
0.021104280123
0.0210806198634
0.0210570089835
0.0210334473013
0.0210099346351
0.0209864708042
0.0209630556286
0.0209396889288
0.0207377925369
0.0192486429102
0.0192802614799
_______________
1.30246910789
0.614287811397
0.571448667905
0.542956731625
0.51578273357
0.48817264206
0.459919929965
0.431211568667
0.402370860568
0.373767170129
0.345768282228
0.318708482481
0.292867462164
0.268459312091
0.24563033329
0.224463387679
0.204986217187
0.187181522813
0.170997236453
0.15635603869
0.143163645422
0.131315693594
0.120703238645
0.111216975564
0.102750343708
0.0952016927661
0.0884756857111
0.0824841017019
0.0771461828107
0.0723886466168
0.0681454646515
0.0643574860399
0.0609719673943
0.057942054511
0.0552262487395
0.0527878808363
0.0505946073709
0.0486179389391
0.152796497668
0.145290624405
0.138455007371
0.132219419212
0.126513621189
0.121275140936
0.116450384387
0.111993669698
0.107865997149
0.104033939291
0.100468704958
0.0971453637544
0.0940422070575
0.0911402225851
0.0884226626959
0.0858746897406
0.0834830845842
0.0812360068155
0.0791227971786
0.0771338144488
0.0752603003766
0.0734942674914
0.0718284055144
0.0702560029217
0.0687708808495
0.0673673370644
0.0660400981554
0.064784278459
0.0635953445154
0.0624690840856
0.0614015789488
0.0603891808497
0.0594284900867
0.0585163363315
0.0576497613473
0.0568260033352
0.0560424826902
0.0552967889862
0.0545866690415
0.0539100159432
0.0532648589264
0.0526493540228
0.0520617754051
0.0515005073638
0.0509640368614
0.0504509466175
0.0499599086805
0.0494896784502
0.0490390891162
0.0486070464811
0.0481925241428
0.0477945590074
0.0474122471113
0.0470447397308
0.0466912397575
0.0463509983232
0.0460233116549
0.0457075181459
0.0454029956259
0.0451091588183
0.0448254569702
0.0445513716437
0.0442864146575
0.044030126167
0.0437820728756
0.043541846365
0.0433090615392
0.0430833551715
0.0428643845495
0.0426518262095
0.0424453747558
0.0422447417569
0.042049654715
0.0418598561029
0.0416751024636
0.0414951635683
0.0413198216289
0.0411488705615
0.0409821152961
0.0408193711314
0.0406604631298
0.0405052255508
0.0403535013195
0.0402051415293
0.0400600049744
0.0399179577119
0.0397788726505
0.0396426291644
0.0395091127309
0.0393782145898
0.0392498314232
0.0391238650549
0.0390002221674
0.0388788140358
0.0387595562772
0.0386423686156
0.0385271746596
0.038413901694
0.0383024804823
0.0381928450819
0.0380849326692
0.0379786833746
0.0378740401277
0.0377709485099
0.037669356617
0.0375692149282
0.037470476183
0.037373095265
0.037277029092
0.0371822365122
0.0370886782061
0.0369963165941
0.0369051157482
0.0368150413102
0.0367260604124
0.0366381416038
0.0365512547803
0.0364653711177
0.0363804630094
0.0362965040064
0.0362134687615
0.0361313329753
0.0360500733463
0.0359696675224
0.0358900940555
0.0358113323588
0.0357333626657
0.0356561659909
0.035579724094
0.0355040194442
0.0354290351876
0.0353547551153
0.035281163634
0.0352082457374
0.0351359869793
0.035064373448
0.0349933917421
0.0349230289474
0.0348532726145
0.0347841107385
0.0347155317389
0.0346475244406
0.0345800780558
0.0345131821674
0.0344468267121
0.0343810019652
0.0343156985259
0.0342509073031
0.0341866195019
0.0341228266111
0.0340595203907
0.0339966928607
0.0339343362898
0.0338724431849
0.0338110062808
0.0337500185314
0.0336894730995
0.0336293633489
0.0335696828357
0.0335104253005
0.0334515846607
0.0333931550034
0.0333351305782
0.0332775057912
0.0332202751978
0.0331634334976
0.033106975528
0.0330508962592
0.0329951907883
0.032939854335
0.0328848822363
0.0328302699421
0.0327760130109
0.0327221071055
0.0326685479888
0.0326153315205
0.0325624536527
0.0325099104272
0.0324576979716
0.032405812496
0.0323542502906
0.032303007722
0.0322520812309
0.0322014673292
0.0321511625973
0.0321011636821
0.0320514672941
0.0320020702056
0.0319529692481
0.0319041613106
0.0318556433376
0.0318074123268
0.0317594653279
0.0317117994405
0.0316644118122
0.0316172996377
0.0315704601566
0.0315238906524
0.0314775884508
0.0314315509186
0.0313857754622
0.0313402595267
0.0312950005943
0.0312499961834
0.0312052438478
0.031160741175
0.0311164857859
0.0310724753336
0.0310287075021
0.0309851800062
0.03094189059
0.0308988370266
0.0308560171168
0.0308134286891
0.0307710695982
0.030728937725
0.0306870309755
0.0306453472804
0.0306038845946
0.0305626408964
0.0305216141871
0.0304808024904
0.0304402038521
0.0303998163395
0.0303596380407
0.0303196670646
0.0302799015403
0.0302403396166
0.0302009794617
0.0301618192627
0.0301228572257
0.0300840915747
0.030045520552
0.0300071424176
0.0299689554486
0.0299309579394
0.0298931482013
0.0298555245618
0.0298180853651
0.0297808289712
0.0297437537558
0.0297068581104
0.0296701404417
0.0296335991715
0.0295972327367
0.0295610395886
0.0295250181935
0.0294891670315
0.0294534845972
0.0294179693991
0.0293826199595
0.0293474348144
0.0293124125133
0.0292775516188
0.0292428507071
0.0292083083671
0.0291739232007
0.0291396938227
0.0291056188603
0.0290716969534
0.0290379267542
0.029004306927
0.0289708361484
0.0289375131071
0.0289043365035
0.0288713050498
0.02883841747
0.0288056724995
0.0287730688853
0.0287406053856
0.0287082807699
0.028676093819
0.0286440433246
0.0286121280893
0.0285803469266
0.0285486986608
0.0285171821269
0.0284857961704
0.0284545396472
0.0284234114238
0.0283924103769
0.0283615353934
0.0283307853702
0.0283001592145
0.0282696558433
0.0282392741836
0.0282090131719
0.0281788717548
0.0281488488882
0.0281189435378
0.0280891546786
0.028059481295
0.0280299223807
0.0280004769387
0.0279711439812
0.0279419225292
0.0279128116129
0.0278838102715
0.0278549175529
0.0278261325138
0.0277974542195
0.0277688817441
0.0277404141701
0.0277120505885
0.0276837900987
0.0276556318085
0.0276275748338
0.0275996182987
0.0275717613356
0.0275440030848
0.0275163426944
0.0274887793206
0.0274613121275
0.0274339402866
0.0274066629775
0.0273794793872
0.0273523887101
0.0273253901484
0.0272984829115
0.0272716662162
0.0272449392866
0.027218301354
0.0271917516567
0.0271652894402
0.0271389139572
0.027112624467
0.0270864202359
0.0270603005372
0.0270342646507
0.027008311863
0.0269824414673
0.0269566527635
0.0269309450578
0.026905317663
0.0268797698982
0.0268543010887
0.0268289105663
0.0268035976689
0.0267783617405
0.0267532021312
0.0267281181971
0.0267031093002
0.0266781748087
0.0266533140963
0.0266285265426
0.026603811533
0.0265791684585
0.0265545967158
0.0265300957071
0.0265056648401
0.026481303528
0.0264570111895
0.0264327872483
0.0264086311339
0.0263845422806
0.0263605201281
0.0263365641212
0.0263126737098
0.0262888483489
0.0262650874983
0.026241390623
0.0262177571927
0.0261941866819
0.02617067857
0.0261472323412
0.0261238474843
0.0261005234926
0.0260772598644
0.0260540561021
0.0260309117129
0.0260078262084
0.0259847991046
0.0259618299219
0.0259389181849
0.0259160634227
0.0258932651685
0.0258705229596
0.0258478363378
0.0258252048486
0.0258026280419
0.0257801054714
0.025757636695
0.0257352212744
0.0257128587752
0.025690548767
0.0256682908231
0.0256460845206
0.0256239294406
0.0256018251675
0.0255797712898
0.0255577673992
0.0255358130915
0.0255139079656
0.0254920516243
0.0254702436736
0.0254484837233
0.0254267713862
0.0254051062789
0.0253834880212
0.0253619162361
0.02534039055
0.0253189105927
0.0252974759969
0.0252760863988
0.0252547414377
0.0252334407558
0.0252121839987
0.0251909708149
0.025169800856
0.0251486737766
0.0251275892342
0.0251065468894
0.0250855464055
0.0250645874489
0.0250436696888
0.0250227927972
0.0250019564489
0.0249811603215
0.0249604040954
0.0249396874536
0.0249190100819
0.0248983716688
0.0248777719053
0.0248572104851
0.0248366871045
0.0248162014625
0.0247957532603
0.024775342202
0.0247549679939
0.0247346303449
0.0247143289664
0.0246940635721
0.0246738338782
0.0246536396032
0.024633480468
0.0246133561958
0.0245932665122
0.0245732111449
0.0245531898241
0.024533202282
0.0245132482533
0.0244933274746
0.0244734396848
0.0244535846252
0.0244337620388
0.0244139716711
0.0243942132694
0.0243744865834
0.0243547913646
0.0243351273666
0.0243154943451
0.0242958920578
0.0242763202643
0.0242567787261
0.024237267207
0.0242177854723
0.0241983332895
0.0241789104278
0.0241595166585
0.0241401517547
0.0241208154911
0.0241015076445
0.0240822279935
0.0240629763183
0.0240437524012
0.0240245560258
0.024005386978
0.023986245045
0.0239671300159
0.0239480416814
0.0239289798341
0.023909944268
0.0238909347789
0.0238719511644
0.0238529932233
0.0238340607565
0.0238151535661
0.023796271456
0.0237774142318
0.0237585817002
0.02373977367
0.0237209899511
0.0237022303551
0.0236834946951
0.0236647827858
0.0236460944432
0.0236274294847
0.0236087877295
0.0235901689978
0.0235715731117
0.0235529998944
0.0235344491705
0.0235159207662
0.0234974145088
0.0234789302274
0.023460467752
0.0234420269142
0.0234236075468
0.0234052094842
0.0233868325619
0.0233684766166
0.0233501414866
0.0233318270112
0.0233135330311
0.0232952593883
0.0232770059261
0.0232587724887
0.0232405589221
0.023222365073
0.0232041907896
0.0231860359212
0.0231679003184
0.0231497838328
0.0231316863174
0.0231136076263
0.0230955476145
0.0230775061386
0.023059483056
0.0230414782253
0.0230234915063
0.0230055227599
0.0229875718481
0.0229696386339
0.0229517229815
0.0229338247561
0.0229159438242
0.0228980800529
0.0228802333109
0.0228624034675
0.0228445903933
0.0228267939598
0.0228090140397
0.0227912505066
0.022773503235
0.0227557721005
0.0227380569798
0.0227203577505
0.0227026742912
0.0226850064813
0.0226673542014
0.022649717333
0.0226320957585
0.0226144893613
0.0225968980257
0.0225793216369
0.0225617600811
0.0225442132454
0.0225266810177
0.0225091632871
0.0224916599432
0.0224741708768
0.0224566959795
0.0224392351437
0.0224217882628
0.022404355231
0.0223869359433
0.0223695302957
0.0223521381849
0.0223347595086
0.0223173941652
0.022300042054
0.0222827030752
0.0222653771296
0.0222480641191
0.0222307639462
0.0222134765143
0.0221962017275
0.0221789394909
0.0221616897101
0.0221444522918
0.0221272271433
0.0221100141725
0.0220928132886
0.0220756244009
0.02205844742
0.022041282257
0.0220241288237
0.0220069870329
0.0219898567978
0.0219727380326
0.0219556306522
0.0219385345721
0.0219214497085
0.0219043759785
0.0218873132998
0.0218702615909
0.0218532207708
0.0218361907593
0.021819171477
0.0218021628451
0.0217851647855
0.0217681772207
0.0217512000741
0.0217342332694
0.0217172767313
0.0217003303851
0.0216833941567
0.0216664679726
0.02164955176
0.0216326454469
0.0216157489617
0.0215988622337
0.0215819851925
0.0215651177686
0.0215482598931
0.0215314114976
0.0215145725145
0.0214977428767
0.0214809225177
0.0214641113715
0.0214473093731
0.0214305164578
0.0214137325614
0.0213969576206
0.0213801915724
0.0213634343547
0.0213466859057
0.0213299461643
0.0213132150701
0.021296492563
0.0212797785838
0.0212630730735
0.021246375974
0.0212296872275
0.0212130067771
0.021196334566
0.0211796705383
0.0211630146387
0.021146366812
0.021129727004
0.0211130951609
0.0210964712293
0.0210798551566
0.0210632468905
0.0210466463793
0.0210300535718
0.0210134684174
0.0209968908661
0.0209803208681
0.0209637583744
0.0209472033364
0.020930655706
0.0209141154358
0.0208975824786
0.0208810567878
0.0208645383174
0.0208480270219
0.0208315228561
0.0196360174804
0.0203172208015
_______________
3.18987178491
0.980250656208
0.959243940907
0.953725801766
0.950590485361
0.948033821563
0.945627511159
0.943234399255
0.940800676801
0.938300119556
0.935715805043
0.933033458729
0.930238863979
0.927316756764
0.924250261876
0.921020516082
0.917606344034
0.913983936961
0.910126517662
0.906003990302
0.901582582336
0.896824493682
0.891687576753
0.886125080977
0.880085506815
0.873512626008
0.866345734817
0.85852021204
0.849968449018
0.840621199581
0.830409359856
0.819266130479
0.807129443172
0.79394446415
0.779665939968
0.764260149767
0.747706285115
0.72999719047
0.711139538113
0.691153641371
0.670073189495
0.64794519212
0.624830348839
0.600803928135
0.575957079278
0.550398342614
0.524254996063
0.497673801026
0.470820705047
0.443879129244
0.417046612618
0.390529786595
0.364537882431
0.339275194447
0.314933097117
0.291682316234
0.269666168826
0.248995409759
0.229745160553
0.211954163159
0.195626327754
0.180734273543
0.16722434677
0.155022482545
0.144040272767
0.134180696842
0.125343127686
0.117427398896
0.110336873781
0.103980572459
0.0982744839247
0.0931422213047
0.0885151808429
0.084332349632
0.0805398830075
0.0770905463035
0.0739430912408
0.0710616164444
0.0684149450285
0.0659760396296
0.0637214661508
0.0616309111219
0.0596867533392
0.0578736877624
0.056178398075
0.210525697847
0.195975720336
0.183429866563
0.171897846589
0.161235418139
0.151380698143
0.142287322686
0.133913981949
0.126221064725
0.119169067048
0.112717951104
0.106827131404
0.101455841255
0.0965636814187
0.0921112059906
0.088060452229
0.0843753645013
0.0810220948415
0.0779691837424
0.0751876366335
0.0726509164827
0.0703348735261
0.068217631177
0.0662794440816
0.0645025409355
0.0628709615409
0.0613703948961
0.0599880229375
0.0587123728728
0.0575331797892
0.0564412603163
0.0554283974964
0.0544872365915
0.0536111912946
0.0527943596539
0.0520314489458
0.0513177087069
0.0506488711496
0.0500210982174
0.0494309345867
0.0488752659735
0.0483512821602
0.0478564442144
0.0473884554232
0.0469452355194
0.0465248978192
0.0461257289354
0.0457461707683
0.0453848045085
0.0450403364196
0.0447115851937
0.0443974706984
0.044097003954
0.0438092781995
0.0435334609231
0.0432687867462
0.0430145510642
0.0427701043585
0.0425348471039
0.0423082252041
0.0420897258978
0.0418788740814
0.0416752290042
0.0414783812936
0.0412879502753
0.0411035815568
0.0409249448454
0.040751731975
0.0405836551218
0.0404204451865
0.040261850327
0.0401076346264
0.0399575768808
0.0398114694965
0.0396691174845
0.0395303375429
0.0393949572182
0.0392628141382
0.0391337553097
0.0390076364735
0.0388843215131
0.0387636819106
0.0386455962459
0.0385299497355
0.0384166338065
0.0383055457037
0.0381965881259
0.0380896688891
0.0379847006151
0.0378816004414
0.0377802897527
0.0376806939314
0.0375827421241
0.0374863670258
0.0373915046773
0.0372980942768
0.037206078004
0.0371154008546
0.0370260104869
0.0369378570771
0.0368508931838
0.0367650736212
0.0366803553397
0.0365966973139
0.0365140604376
0.0364324074242
0.0363517027138
0.036271912385
0.0361930040722
0.0361149468877
0.0360377113474
0.0359612693016
0.0358855938691
0.0358106593749
0.0357364412915
0.0356629161832
0.0355900616535
0.0355178562951
0.0354462796429
0.0353753121288
0.0353049350397
0.035235130477
0.0351658813181
0.0350971711809
0.0350289843886
0.0349613059375
0.0348941214655
0.0348274172231
0.034761180045
0.0346953973233
0.0346300569826
0.0345651474553
0.0345006576591
0.0344365769748
0.0343728952256
0.0343096026575
0.03424668992
0.0341841480484
0.0341219684466
0.0340601428708
0.0339986634138
0.0339375224904
0.033876712823
0.0338162274283
0.0337560596044
0.0336962029183
0.0336366511944
0.0335773985034
0.0335184391514
0.0334597676696
0.0334013788052
0.0333432675114
0.0332854289388
0.033227858427
0.0331705514964
0.0331135038406
0.0330567113189
0.0330001699492
0.0329438759011
0.0328878254901
0.0328320151705
0.0327764415302
0.0327211012848
0.0326659912723
0.0326111084477
0.0325564498782
0.0325020127389
0.0324477943073
0.0323937919599
0.0323400031677
0.0322864254923
0.0322330565817
0.0321798941675
0.0321269360607
0.0320741801486
0.0320216243916
0.0319692668204
0.0319171055326
0.0318651386902
0.0318133645171
0.0317617812959
0.0317103873661
0.0316591811214
0.0316081610075
0.03155732552
0.031506673202
0.0314562026427
0.0314059124749
0.0313558013737
0.0313058680541
0.03125611127
0.031206529812
0.0311571225065
0.0311078882134
0.0310588258254
0.0310099342663
0.0309612124897
0.0309126594778
0.0308642742402
0.0308160558126
0.0307680032561
0.0307201156556
0.0306723921191
0.0306248317768
0.0305774337798
0.0305301972995
0.0304831215267
0.0304362056708
0.0303894489589
0.0303428506348
0.0302964099589
0.0302501262071
0.0302039986699
0.0301580266524
0.030112209473
0.0300665464632
0.0300210369672
0.0299756803407
0.029930475951
0.0298854231763
0.0298405214051
0.0297957700359
0.0297511684768
0.0297067161447
0.0296624124655
0.0296182568732
0.0295742488096
0.0295303877244
0.0294866730742
0.0294431043226
0.0293996809399
0.0293564024025
0.0293132681929
0.0292702777994
0.0292274307155
0.0291847264403
0.0291421644774
0.0290997443357
0.0290574655281
0.0290153275723
0.0289733299897
0.0289314723059
0.0288897540503
0.0288481747557
0.0288067339585
0.0287654311981
0.0287242660173
0.0286832379619
0.0286423465802
0.0286015914235
0.0285609720457
0.028520488003
0.0284801388541
0.02843992416
0.0283998434838
0.0283598963907
0.0283200824477
0.0282804012241
0.0282408522906
0.0282014352199
0.0281621495864
0.0281229949659
0.028083970936
0.0280450770756
0.028006312965
0.0279676781862
0.0279291723221
0.0278907949573
0.0278525456774
0.0278144240691
0.0277764297207
0.0277385622211
0.0277008211607
0.0276632061308
0.0276257167238
0.0275883525331
0.0275511131531
0.027513998179
0.0274770072073
0.0274401398353
0.0274033956609
0.0273667742834
0.0273302753027
0.0272938983196
0.0272576429358
0.0272215087539
0.0271854953772
0.0271496024101
0.0271138294576
0.0270781761255
0.0270426420207
0.0270072267507
0.0269719299237
0.0269367511491
0.0269016900367
0.0268667461975
0.0268319192429
0.0267972087854
0.0267626144382
0.0267281358154
0.0266937725318
0.0266595242031
0.0266253904457
0.0265913708771
0.0265574651152
0.0265236727791
0.0264899934885
0.026456426864
0.0264229725272
0.0263896301002
0.0263563992062
0.0263232794692
0.0262902705141
0.0262573719664
0.0262245834527
0.0261919046005
0.0261593350379
0.0261268743942
0.0260945222994
0.0260622783843
0.0260301422808
0.0259981136214
0.0259661920397
0.0259343771703
0.0259026686484
0.0258710661102
0.025839569193
0.0258081775348
0.0257768907745
0.0257457085521
0.0257146305083
0.0256836562848
0.0256527855243
0.0256220178704
0.0255913529675
0.0255607904611
0.0255303299975
0.025499971224
0.0254697137888
0.025439557341
0.0254095015308
0.0253795460092
0.0253496904281
0.0253199344404
0.0252902777001
0.0252607198618
0.0252312605814
0.0252018995155
0.0251726363216
0.0251434706585
0.0251144021855
0.0250854305631
0.0250565554527
0.0250277765167
0.0249990934182
0.0249705058216
0.0249420133919
0.0249136157952
0.0248853126986
0.02485710377
0.0248289886782
0.0248009670933
0.0247730386857
0.0247452031274
0.0247174600908
0.0246898092494
0.0246622502779
0.0246347828515
0.0246074066465
0.0245801213402
0.0245529266107
0.024525822137
0.0244988075991
0.0244718826778
0.024445047055
0.0244183004132
0.0243916424361
0.0243650728081
0.0243385912146
0.0243121973419
0.024285890877
0.024259671508
0.0242335389238
0.0242074928142
0.0241815328699
0.0241556587824
0.0241298702441
0.0241041669483
0.0240785485892
0.0240530148617
0.0240275654618
0.024002200086
0.0239769184321
0.0239517201984
0.0239266050843
0.0239015727897
0.0238766230158
0.0238517554642
0.0238269698376
0.0238022658395
0.0237776431741
0.0237531015466
0.0237286406629
0.0237042602297
0.0236799599547
0.0236557395462
0.0236315987133
0.0236075371662
0.0235835546156
0.0235596507731
0.0235358253511
0.0235120780629
0.0234884086224
0.0234648167445
0.0234413021446
0.0234178645393
0.0233945036456
0.0233712191814
0.0233480108655
0.0233248784174
0.0233018215573
0.0232788400062
0.023255933486
0.0232331017191
0.023210344429
0.0231876613397
0.0231650521761
0.0231425166637
0.023120054529
0.023097665499
0.0230753493017
0.0230531056655
0.02303093432
0.0230088349951
0.0229868074218
0.0229648513316
0.0229429664568
0.0229211525306
0.0228994092867
0.0228777364596
0.0228561337847
0.0228346009979
0.022813137836
0.0227917440364
0.0227704193372
0.0227491634775
0.0227279761968
0.0227068572355
0.0226858063347
0.0226648232361
0.0226439076823
0.0226230594165
0.0226022781827
0.0225815637254
0.0225609157901
0.0225403341229
0.0225198184705
0.0224993685804
0.0224789842009
0.0224586650809
0.02243841097
0.0224182216186
0.0223980967777
0.0223780361989
0.0223580396349
0.0223381068387
0.0223182375641
0.0222984315658
0.022278688599
0.0222590084196
0.0222393907843
0.0222198354505
0.0222003421761
0.0221809107199
0.0221615408415
0.0221422323008
0.0221229848588
0.0221037982769
0.0220846723174
0.0220656067432
0.022046601318
0.0220276558059
0.022008769972
0.021989943582
0.0219711764023
0.0219524681999
0.0219338187425
0.0219152277987
0.0218966951376
0.0218782205289
0.0218598037432
0.0218414445518
0.0218231427264
0.0218048980397
0.0217867102649
0.021768579176
0.0217505045476
0.0217324861551
0.0217145237745
0.0216966171824
0.0216787661563
0.0216609704742
0.0216432299149
0.0216255442578
0.0216079132831
0.0215903367715
0.0215728145046
0.0215553462644
0.021537931834
0.0215205709968
0.021503263537
0.0214860092396
0.0214688078901
0.0214516592749
0.0214345631808
0.0214175193956
0.0214005277075
0.0213835879055
0.0213666997794
0.0213498631194
0.0213330777166
0.0213163433628
0.0212996598503
0.0212830269722
0.0212664445223
0.021249912295
0.0212334300854
0.0212169976893
0.0212006149032
0.0211842815242
0.0211679973501
0.0211517621795
0.0211355758116
0.0211194380461
0.0211033486836
0.0210873075253
0.021071314373
0.0210553690294
0.0210394712977
0.0210236209817
0.021007817886
0.0209920618159
0.0209763525773
0.0209606899767
0.0209450738214
0.0209295039194
0.0209139800792
0.0208985021102
0.0208830698221
0.0208676830257
0.0208523415322
0.0208370451536
0.0208217937024
0.0208065869919
0.0207914248361
0.0207763070496
0.0207612334476
0.020746203846
0.0207312180615
0.0207162759113
0.0207013772133
0.0206865217861
0.0206717094489
0.0206569400217
0.0206422133249
0.0206275291799
0.0206128874084
0.020598287833
0.0205837302769
0.0205692145639
0.0205547405185
0.0205403079659
0.0205259167319
0.0205115666429
0.0204972575259
0.0204829892089
0.0204687615202
0.0204545742887
0.0204404273443
0.0204263205173
0.0204122536387
0.02039822654
0.0203842390536
0.0203702910125
0.0203563822501
0.0203425126007
0.0203286818992
0.020314889981
0.0203011366822
0.0202874218397
0.0202737452908
0.0202601068735
0.0202465064265
0.0202329437892
0.0202194188014
0.0202059313038
0.0201924811375
0.0201790681443
0.0201656921667
0.0201523530479
0.0201390506314
0.0201257847616
0.0201125552835
0.0200993620427
0.0200862048853
0.0200730836581
0.0200599982087
0.020046948385
0.0200339340357
0.0200209550101
0.0200080111581
0.0199951023302
0.0199822283776
0.0199693891519
0.0199565845055
0.0199438142913
0.019931078363
0.0199183765746
0.0199057087809
0.0198930748373
0.0198804745998
0.0198679079249
0.0198553746698
0.0198428746922
0.0198304078505
0.0198179740037
0.0198055730113
0.0197932047334
0.0197808690307
0.0197685657646
0.019756294797
0.0197440559904
0.0197318492078
0.0197196743129
0.0197075311699
0.0196954196436
0.0196833395995
0.0196712909035
0.0196592734222
0.0196472870226
0.0196353315726
0.0196234069403
0.0196115129946
0.0195996496049
0.0195878166412
0.0195760139741
0.0181174149078
0.0186795629354
_______________
1.69380858338
1.0077446367
0.963386581314
0.944282702995
0.929586321426
0.915714798431
0.901660813116
0.886991394048
0.871424028868
0.854711221472
0.836601985148
0.816827873798
0.795101463146
0.771126414086
0.744622166922
0.715366991514
0.683259794544
0.648392073421
0.61110802383
0.572021536028
0.531966952962
0.491889635746
0.452713861643
0.415232989505
0.380046890135
0.347545891122
0.317927001315
0.291227188136
0.267362459227
0.246165679643
0.227419257494
0.210881102056
0.196303753955
0.183447446315
0.172088235517
0.162022401798
0.153068201823
0.145065859197
0.137876468909
0.131380302647
0.125474847542
0.120072793368
0.115100098169
0.11049420359
0.106202432247
0.102180574917
0.0983916606443
0.0948048949069
0.0913947472518
0.0881401689189
0.0850239215999
0.0820320000951
0.0791531336778
0.0763783532066
0.0737006132417
0.0711144605086
0.0686157419388
0.0662013471436
0.0638689815289
0.0616169673076
0.0594440704257
0.113881656398
0.106676521855
0.100423911597
0.0947447334327
0.0895727343784
0.0848632066351
0.08057644813
0.0766760306544
0.0731282752246
0.0699019671101
0.0669681815522
0.0643001667913
0.0618732521221
0.0596647620221
0.0576539265806
0.0558217844588
0.0541510782224
0.0526261438096
0.0512327966907
0.0499582173891
0.0487908387555
0.0477202369448
0.0467370275508
0.0458327678892
0.0449998660158
0.0442314967409
0.0435215246494
0.0428644339507
0.0422552648554
0.0416895560943
0.0411632931483
0.0406728617362
0.0402150061101
0.0397867917154
0.0393855717981
0.0390089575649
0.0386547915332
0.0383211237366
0.0380061904826
0.0377083953877
0.0374262924422
0.0371585708823
0.0369040416723
0.0366616254182
0.0364303415551
0.0362092986692
0.0359976858285
0.0357947648112
0.0355998631351
0.0354123677994
0.035231719662
0.0350574083841
0.034888967881
0.0347259722249
0.034568031952
0.0344147907316
0.0342659223592
0.0341211280392
0.0339801339289
0.0338426889155
0.0337085626037
0.0335775434915
0.0334494373162
0.033324065554
0.0332012640564
0.0330808818122
0.0329627798212
0.0328468300696
0.0327329145977
0.0326209246497
0.0325107598998
0.0324023277461
0.0322955426661
0.0321903256287
0.0320866035572
0.0319843088385
0.0318833788746
0.0317837556722
0.0316853854674
0.0315882183821
0.0314922081097
0.0313973116269
0.0313034889295
0.0312107027908
0.0311189185394
0.0310281038562
0.0309382285871
0.0308492645723
0.0307611854887
0.0306739667058
0.0305875851527
0.0305020191967
0.030417248531
0.0303332540723
0.0302500178659
0.0301675229988
0.0300857535197
0.0300046943659
0.0299243312951
0.0298446508235
0.0297656401683
0.0296872871955
0.0296095803705
0.0295325087143
0.0294560617619
0.0293802295246
0.0293050024549
0.0292303714148
0.0291563276457
0.0290828627414
0.0290099686231
0.0289376375158
0.0288658619274
0.028794634629
0.0287239486363
0.0286537971936
0.0285841737578
0.0285150719843
0.0284464857143
0.0283784089622
0.0283108359047
0.0282437608705
0.0281771783309
0.0281110828907
0.0280454692806
0.0279803323494
0.0279156670574
0.0278514684695
0.0277877317502
0.0277244521574
0.0276616250377
0.027599245822
0.0275373100208
0.0274758132206
0.0274147510801
0.0273541193268
0.0272939137541
0.0272341302179
0.0271747646348
0.0271158129786
0.0270572712789
0.0269991356184
0.0269414021312
0.026884067001
0.0268271264592
0.0267705767834
0.0267144142963
0.0266586353636
0.0266032363936
0.0265482138353
0.0264935641778
0.0264392839489
0.0263853697145
0.0263318180775
0.026278625677
0.0262257891874
0.026173305318
0.0261211708119
0.0260693824458
0.0260179370288
0.0259668314026
0.0259160624403
0.025865627046
0.0258155221546
0.0257657447312
0.0257162917705
0.0256671602967
0.0256183473627
0.0255698500501
0.0255216654685
0.0254737907556
0.0254262230763
0.0253789596228
0.0253319976142
0.0252853342959
0.02523896694
0.0251928928442
0.025147109332
0.0251016137524
0.0250564034796
0.0250114759127
0.0249668284753
0.0249224586159
0.0248783638066
0.0248345415441
0.0247909893483
0.0247477047631
0.0247046853554
0.0246619287153
0.0246194324558
0.0245771942127
0.024535211644
0.0244934824302
0.0244520042738
0.0244107748993
0.0243697920527
0.0243290535015
0.0242885570348
0.0242483004625
0.0242082816155
0.0241684983456
0.024128948525
0.0240896300464
0.0240505408227
0.0240116787867
0.0239730418913
0.0239346281089
0.0238964354313
0.0238584618701
0.0238207054556
0.0237831642372
0.0237458362834
0.0237087196812
0.023671812536
0.0236351129717
0.0235986191304
0.023562329172
0.0235262412747
0.023490353634
0.023454664463
0.0234191719926
0.0233838744704
0.0233487701615
0.0233138573477
0.0232791343277
0.023244599417
0.0232102509472
0.0231760872666
0.0231421067397
0.0231083077467
0.0230746886842
0.0230412479642
0.0230079840146
0.0229748952786
0.0229419802149
0.0229092372973
0.0228766650147
0.0228442618712
0.0228120263853
0.0227799570905
0.0227480525347
0.0227163112803
0.0226847319039
0.0226533129964
0.0226220531625
0.022590951021
0.0225600052044
0.022529214359
0.0224985771444
0.0224680922337
0.0224377583133
0.0224075740829
0.0223775382549
0.022347649555
0.0223179067214
0.0222883085053
0.0222588536701
0.022229540992
0.0222003692593
0.0221713372728
0.022142443845
0.0221136878008
0.0220850679769
0.0220565832215
0.022028232395
0.0220000143688
0.0219719280262
0.0219439722615
0.0219161459807
0.0218884481003
0.0218608775485
0.021833433264
0.0218061141965
0.0217789193063
0.0217518475645
0.0217248979526
0.0216980694626
0.0216713610967
0.0216447718675
0.0216183007977
0.0215919469199
0.0215657092768
0.0215395869209
0.0215135789143
0.021487684329
0.0214619022464
0.0214362317575
0.0214106719625
0.021385221971
0.0213598809019
0.0213346478831
0.0213095220514
0.0212845025527
0.0212595885418
0.0212347791821
0.0212100736458
0.0211854711136
0.0211609707747
0.0211365718268
0.0211122734759
0.0210880749363
0.0210639754303
0.0210399741886
0.0210160704495
0.0209922634597
0.0209685524734
0.0209449367526
0.0209214155672
0.0208979881946
0.0208746539197
0.0208514120349
0.02082826184
0.0208052026421
0.0207822337556
0.0207593545019
0.0207365642097
0.0207138622146
0.0206912478591
0.0206687204927
0.0206462794717
0.020623924159
0.0206016539243
0.0205794681438
0.0205573662002
0.020535347483
0.0205134113875
0.0204915573159
0.0204697846763
0.020448092883
0.0204264813567
0.020404949524
0.0203834968173
0.0203621226753
0.0203408265424
0.0203196078686
0.0202984661102
0.0202774007285
0.020256411191
0.0202354969705
0.0202146575452
0.0201938923991
0.0201732010213
0.0201525829062
0.0201320375538
0.0201115644689
0.0200911631618
0.0200708331476
0.0200505739468
0.0200303850845
0.0200102660912
0.0199902165017
0.0199702358562
0.0199503236994
0.0199304795806
0.019910703054
0.0198909936784
0.0198713510171
0.0198517746379
0.0198322641131
0.0198128190195
0.019793438938
0.0197741234542
0.0197548721576
0.0197356846423
0.0197165605063
0.0196974993517
0.019678500785
0.0196595644164
0.0196406898602
0.0196218767348
0.0196031246622
0.0195844332686
0.0195658021838
0.0195472310413
0.0195287194785
0.0195102671366
0.01949187366
0.0194735386971
0.0194552618997
0.0194370429232
0.0194188814264
0.0194007770715
0.0193827295243
0.0193647384537
0.0193468035321
0.0193289244351
0.0193111008417
0.0192933324337
0.0192756188966
0.0192579599187
0.0192403551914
0.0192228044093
0.01920530727
0.019187863474
0.0191704727248
0.0191531347289
0.0191358491954
0.0191186158367
0.0191014343676
0.0190843045059
0.0190672259721
0.0190501984896
0.0190332217841
0.0190162955842
0.0189994196212
0.0189825936288
0.0189658173434
0.0189490905039
0.0189324128516
0.0189157841304
0.0188992040867
0.018882672469
0.0188661890286
0.0188497535189
0.0188333656956
0.0188170253168
0.0188007321429
0.0187844859366
0.0187682864625
0.0187521334878
0.0187360267815
0.0187199661151
0.018703951262
0.0186879819977
0.0186720580997
0.0186561793477
0.0186403455233
0.0186245564102
0.018608811794
0.0185931114622
0.0185774552042
0.0185618428115
0.0185462740772
0.0185307487965
0.0185152667662
0.018499827785
0.0184844316535
0.0184690781739
0.0181219781149
0.0176819034109
_______________
1.46709077324
0.993399837018
0.954206426619
0.939502703594
0.929721039212
0.921202103031
0.912929041012
0.90453591365
0.895852394916
0.886773643745
0.877217060177
0.867105856639
0.856361812282
0.844901477208
0.832633812032
0.819458514811
0.805264766304
0.789930342593
0.773321180973
0.755291608437
0.735685582557
0.714339468279
0.691087086379
0.665768007402
0.638240279689
0.608398854609
0.576200679412
0.541696401396
0.50506641185
0.466655282787
0.426994051248
0.386796447806
0.346916887333
0.308268097953
0.271712881101
0.237958710809
0.207485170298
0.180520576442
0.157064702558
0.136940897606
0.119857884014
0.105466304642
0.0934023821332
0.0833171066057
0.0748928931934
0.0678509607412
0.0619526299902
0.0569970914896
0.0528174308485
0.0889047124701
0.0820279282723
0.0763604699013
0.0716781970247
0.0677792799838
0.0645024441719
0.0617227626638
0.0593433291138
0.0572885759346
0.0554992325451
0.0539285331142
0.0525393545077
0.0513020468563
0.0501927815382
0.0491922872679
0.048284878581
0.0474577056196
0.0467001721784
0.0460034822702
0.0453602852944
0.044764397184
0.0442105803442
0.0436943692676
0.0432119317739
0.0427599581411
0.0423355721506
0.0419362594124
0.0415598093621
0.0412042681136
0.0408678999562
0.0405491557642
0.0402466469462
0.0399591238551
0.0396854577973
0.0394246259612
0.0391756987181
0.0389378288618
0.0387102424381
0.0384922308826
0.0382831442418
0.0380823852942
0.0378894044238
0.0377036951246
0.0375247900393
0.03735225745
0.037185698156
0.037024742684
0.0368690487845
0.036718299178
0.0365721995186
0.0364304765494
0.0362928764257
0.0361591631896
0.0360291173761
0.0359025347408
0.0357792250936
0.0356590112296
0.0355417279482
0.0354272211512
0.0353153470132
0.0352059712184
0.0350989682573
0.0349942207787
0.0348916189922
0.0347910601174
0.0346924478748
0.034595692017
0.0345007078951
0.0344074160585
0.0343157418855
0.0342256152418
0.0341369701645
0.0340497445712
0.0339638799899
0.0338793213099
0.0337960165513
0.0337139166519
0.0336329752699
0.0335531486011
0.0334743952107
0.033396675876
0.0333199534421
0.0332441926875
0.0331693602
0.0330954242611
0.033022354739
0.0329501229901
0.032878701766
0.0328080651288
0.0327381883715
0.032669047944
0.0326006213845
0.0325328872562
0.0324658250871
0.0323994153155
0.0323336392376
0.0322684789601
0.0322039173551
0.0321399380181
0.0320765252291
0.0320136639158
0.0319513396198
0.0318895384641
0.0318282471233
0.0317674527956
0.0317071431764
0.0316473064334
0.0315879311835
0.0315290064709
0.0314705217465
0.0314124668485
0.0313548319845
0.031297607714
0.031240784932
0.0311843548544
0.0311283090029
0.0310726391914
0.0310173375137
0.0309623963303
0.0309078082577
0.0308535661569
0.0307996631232
0.0307460924763
0.0306928477508
0.0306399226876
0.030587311225
0.0305350074912
0.0304830057961
0.0304313006244
0.0303798866285
0.0303287586218
0.0302779115728
0.0302273405985
0.0301770409592
0.0301270080527
0.0300772374094
0.0300277246868
0.0299784656652
0.0299294562432
0.0298806924328
0.0298321703558
0.0297838862396
0.0297358364133
0.0296880173042
0.0296404254344
0.0295930574172
0.029545909954
0.0294989798314
0.029452263918
0.0294057591618
0.0293594625873
0.0293133712931
0.0292674824495
0.0292217932958
0.0291763011381
0.0291310033474
0.0290858973572
0.0290409806616
0.0289962508134
0.028951705422
0.0289073421519
0.028863158721
0.0288191528988
0.0287753225046
0.0287316654066
0.0286881795199
0.0286448628051
0.0286017132675
0.028558728955
0.0285159079577
0.028473248406
0.0284307484697
0.028388406357
0.0283462203133
0.0283041886203
0.0282623095949
0.028220581588
0.0281790029841
0.0281375722002
0.0280962876847
0.0280551479169
0.0280141514061
0.0279732966907
0.0279325823378
0.027892006942
0.0278515691253
0.0278112675358
0.0277711008477
0.0277310677601
0.0276911669969
0.0276513973058
0.027611757458
0.0275722462478
0.0275328624915
0.0274936050275
0.0274544727157
0.0274154644367
0.0273765790917
0.0273378156017
0.0272991729075
0.027260649969
0.0272222457648
0.027183959292
0.0271457895655
0.027107735618
0.0270697964993
0.0270319712762
0.0269942590321
0.0269566588664
0.0269191698947
0.0268817912481
0.026844522073
0.0268073615306
0.0267703087972
0.026733363063
0.0266965235329
0.0266597894253
0.0266231599723
0.0265866344194
0.0265502120252
0.026513892061
0.026477673811
0.0264415565715
0.0264055396511
0.0263696223702
0.0263338040612
0.0262980840676
0.0262624617443
0.0262269364573
0.0261915075836
0.0261561745105
0.0261209366361
0.0260857933686
0.0260507441261
0.026015788337
0.025980925439
0.0259461548796
0.0259114761155
0.0258768886125
0.0258423918455
0.0258079852982
0.025773668463
0.0257394408407
0.0257053019405
0.0256712512796
0.0256372883834
0.0256034127851
0.0255696240256
0.0255359216533
0.025502305224
0.0254687743008
0.025435328454
0.0254019672605
0.0253686903045
0.0253354971767
0.0253023874741
0.0252693608005
0.0252364167657
0.0252035549859
0.025170775083
0.0251380766851
0.025105459426
0.0250729229449
0.0250404668868
0.025008090902
0.024975794646
0.0249435777797
0.0249114399688
0.0248793808841
0.024847400201
0.0248154975998
0.0247836727654
0.0247519253872
0.0247202551588
0.0246886617783
0.0246571449479
0.0246257043738
0.0245943397664
0.0245630508396
0.0245318373116
0.0245006989037
0.0244696353413
0.0244386463531
0.0244077316711
0.0243768910308
0.0243461241709
0.0243154308331
0.0242848107624
0.0242542637067
0.0242237894166
0.0241933876459
0.0241630581507
0.0241328006902
0.0241026150259
0.0240725009218
0.0240424581446
0.0240124864631
0.0239825856486
0.0239527554744
0.0239229957163
0.0238933061519
0.023863686561
0.0238341367252
0.0238046564282
0.0237752454555
0.0237459035944
0.0237166306339
0.0236874263646
0.0236582905789
0.0236292230706
0.0236002236352
0.0235712920695
0.0235424281718
0.0235136317417
0.0234849025804
0.0234562404899
0.0234276452739
0.0233991167369
0.0233706546849
0.0233422589248
0.0233139292645
0.0232856655132
0.0232574674808
0.0232293349783
0.0232012678177
0.0231732658118
0.0231453287741
0.0231174565192
0.0230896488623
0.0230619056194
0.0230342266073
0.0230066116436
0.0229790605462
0.022951573134
0.0229241492264
0.0228967886435
0.0228694912058
0.0228422567345
0.0228150850514
0.0227879759786
0.0227609293389
0.0227339449555
0.0227070226521
0.0226801622527
0.0226533635819
0.0226266264646
0.0225999507263
0.0225733361927
0.0225467826898
0.0225202900442
0.0224938580827
0.0224674866325
0.022441175521
0.022414924576
0.0223887336258
0.0223626024986
0.0223365310232
0.0223105190286
0.0222845663441
0.0222586727992
0.0222328382237
0.0222070624477
0.0221813453015
0.0221556866158
0.0221300862212
0.0221045439489
0.0220790596302
0.0220536330966
0.0220282641799
0.0220029527122
0.0219776985256
0.0219525014526
0.021927361326
0.0219022779787
0.0218772512439
0.0218522809548
0.0218273669453
0.021802509049
0.0217777071002
0.021752960933
0.0217282703822
0.0217036352824
0.0216790554688
0.0216545307764
0.021630061041
0.0216056460982
0.0215812857839
0.0215569799346
0.0215327283866
0.0215085309767
0.021484387542
0.0214602979197
0.0214362619473
0.0214122794627
0.021388350304
0.0213644743095
0.0213406513178
0.0213168811679
0.021293163699
0.0212694987505
0.0212458861623
0.0212223257746
0.0211988174276
0.0211753609621
0.0211519562191
0.0211286030399
0.0211053012663
0.0210820507401
0.0210588513038
0.0210357027999
0.0210126050714
0.0209895579617
0.0209665613144
0.0209436149735
0.0209207187834
0.0208978725889
0.020875076235
0.0208523295671
0.0208296324312
0.0208069846733
0.0207843861402
0.0207618366786
0.0207393361361
0.0207168843602
0.0206944811992
0.0206721265015
0.0206498201161
0.0206275618923
0.0206053516798
0.0205831893287
0.0205610746897
0.0205390076136
0.0205169879519
0.0204950155563
0.0204730902791
0.020451211973
0.0204293804911
0.0204075956868
0.0203858574141
0.0203641655275
0.0203425198818
0.0203209203323
0.0202993667346
0.020277858945
0.0202563968202
0.0202349802172
0.0202136089935
0.0201922830071
0.0201710021166
0.0201497661807
0.0195358965257
0.0183994704998
_______________
