1.99578154046
1.47534097397
1.45722765503
1.43944019903
1.41947556519
1.39749196886
1.37348394197
1.34733392771
1.31888807269
1.28798805167
1.25448587508
1.21825454179
1.17919932355
1.13727150371
1.09248512999
1.04493635073
0.994823703252
0.942466284881
0.888315365125
0.83295428149
0.777082118696
0.721479184605
0.666956450134
0.614295740265
0.564190731799
0.517199179305
0.473713934032
0.433955419124
0.397983264807
0.365721468334
0.336990364186
0.311539487419
0.289077202055
0.26929490395
0.251885175344
0.236554289006
0.223029979393
0.211065556
0.200441376022
0.19096453313
0.182467430104
0.174805725283
0.167855994008
0.161513330344
0.155689029011
0.150308427263
0.145308945721
0.140638340816
0.136253165298
0.12410221271
0.125226500812
0.0792057786329
_______________
1.80133159426
1.01973883383
0.956882597205
0.929292888702
0.908064958929
0.888115957394
0.868225417483
0.848131973655
0.827857706093
0.807496884776
0.787135578317
0.76682128498
0.74655708564
0.726308256445
0.706013873656
0.685598938745
0.664984882416
0.644097840218
0.622874875145
0.601268585359
0.57925051766
0.556813675106
0.533974251436
0.510772589675
0.487273267405
0.46356416665
0.43975439683
0.415971004088
0.392354511465
0.369053474121
0.34621837605
0.323995308896
0.302519932128
0.281912200085
0.262272254937
0.243677741814
0.226182631856
0.209817473199
0.194590856551
0.180491797617
0.376584531912
0.347298447443
0.320975248636
0.297360077051
0.276220215801
0.257304927272
0.240367086936
0.225174311023
0.21151414843
0.199196130247
0.188051944497
0.177934472191
0.168716175164
0.160287168965
0.152553200794
0.145433670459
0.138859774775
0.132772816976
0.127122697426
0.121866586312
0.116967769898
0.112394657063
0.108119930739
0.104119828384
0.100373536058
0.0968626816605
0.0915559682236
0.0857065925678
_______________
1.74485532675
1.00447951998
0.983517357377
0.978134208031
0.975447004235
0.973522055409
0.971888636649
0.970395378184
0.968984657784
0.967632140208
0.966326627083
0.96506237187
0.963835939759
0.962644885925
0.961487193426
0.960361033744
0.959264664863
0.958196387768
0.957154527558
0.956137424707
0.955143430383
0.954170903207
0.953218206391
0.95228370481
0.951365761812
0.950462735727
0.949572976024
0.948694819133
0.947826583906
0.946966566744
0.946113036359
0.945264228186
0.944418338423
0.943573517705
0.942727864367
0.941879417322
0.941026148485
0.94016595477
0.939296649586
0.938415953839
0.93752148639
0.936610753932
0.935681140253
0.93472989484
0.933754120765
0.932750761815
0.931716588793
0.930648184926
0.929541930317
0.928393985333
0.927200272865
0.925956459323
0.924657934265
0.923299788499
0.921876790513
0.920383361025
0.918813545439
0.917160983945
0.915418878957
0.91357995953
0.911636442335
0.909579988709
0.907401657184
0.905091850852
0.902640258758
0.900035790452
0.897266502641
0.894319516788
0.891180926318
0.887835691971
0.884267523669
0.880458747164
0.876390153629
0.872040830353
0.86738797077
0.862406662297
0.857069650947
0.851347082478
0.84520622115
0.838611149118
0.831522452413
0.82389690362
0.815687157283
0.806841482203
0.797303565861
0.787012440851
0.775902602118
0.763904407278
0.750944880107
0.736949067721
0.721842131023
0.705552368142
0.688015369051
0.66917945773
0.649012472256
0.627509738468
0.604702794367
0.580668032224
0.555534003074
0.529485794899
0.502764821872
0.475662713834
0.448508842633
0.421652249317
0.395440022817
0.3701951017
0.346196685137
0.323665862655
0.302757916144
0.283561407211
0.266103030603
0.250356531763
0.236253799658
0.22369645058
0.212566644609
0.202736361792
0.194074796936
0.186453854488
0.326391769105
0.307308806718
0.291766894123
0.278580353659
0.267297018686
0.257566310165
0.249100970618
0.241665467594
0.235066872091
0.229147087534
0.223776341964
0.218847822688
0.214273299361
0.209979578547
0.205905645822
0.202000370777
0.19822067074
0.194530048196
0.190897433722
0.187296280523
0.18370386838
0.180100784238
0.175796500088
0.0816027340782
_______________
3.1320088671
1.13534292555
1.06822675337
1.04478478162
1.02961974001
1.01671534596
1.0045088481
0.992519705569
0.980595081592
0.968691141885
0.956799077573
0.944917739905
0.933043238895
0.921165290767
0.909266417647
0.897322376459
0.885303086214
0.873173706002
0.860895697354
0.848427798744
0.835726891756
0.822748767297
0.809448815603
0.795782670996
0.781706844601
0.767179377432
0.752160543651
0.736613629733
0.720505810053
0.703809132723
0.686501621058
0.668568485539
0.650003428132
0.630810005323
0.61100299833
0.590609719481
0.569671163963
0.54824289822
0.526395563061
0.504214864767
0.48180093505
0.459266964411
0.436737055867
0.414343306924
0.392222203554
0.370510492288
0.349340773116
0.328837112125
0.30911099558
0.290257928255
0.272354918618
0.255459000827
0.239606834629
0.224815317731
0.211083057816
0.198392494046
0.304981080307
0.281746939548
0.261028782981
0.242746986822
0.226678276619
0.212547342544
0.200095430954
0.189092741179
0.179338791681
0.170660217574
0.162907959488
0.155954373813
0.149690469269
0.132024125004
0.0987452736386
_______________
1.64477803051
1.02440549636
0.97858136639
0.957675958985
0.941518171487
0.926675973454
0.912283671048
0.89804966481
0.88382671573
0.869499167127
0.854951104975
0.840057927404
0.824685087758
0.808689051997
0.791918977337
0.774218810119
0.755429966517
0.735394967699
0.713962495612
0.690994349253
0.666374696088
0.640021783594
0.61190184739
0.582044294678
0.550556396899
0.517634862272
0.483571093325
0.448747066047
0.413619900606
0.37869530453
0.344492666083
0.311506811117
0.280172471936
0.448994186337
0.381408156766
0.325378842289
0.278258062324
0.239053305397
0.206680244422
0.180050241354
0.158163301541
0.140150934775
0.125285032847
0.112968566844
0.102718536303
0.0941471094627
0.0904082508574
0.0841587551298
_______________
